0	Q0	4585879	1	0	12.110276	lm
0	Q0	999535	2	0	11.377327	lm
0	Q0	2824798	3	0	10.104225	lm
0	Q0	2800796	4	0	10.104225	lm
0	Q0	3306210	5	0	10.104225	lm
0	Q0	3263437	6	0	10.104225	lm
0	Q0	5407968	7	0	10.104225	lm
0	Q0	2251625	8	0	10.024445	lm
0	Q0	4243561	9	0	9.802405	lm
0	Q0	1910957	10	0	9.592443	lm
0	Q0	2589414	11	0	9.592443	lm
0	Q0	3086904	12	0	9.412789	lm
0	Q0	622705	13	0	9.397864	lm
0	Q0	445031	14	0	9.389862	lm
0	Q0	4605248	15	0	9.266958	lm
0	Q0	2973860	16	0	9.240963	lm
0	Q0	349491	17	0	9.17783	lm
0	Q0	3226241	18	0	9.148482	lm
0	Q0	2754863	19	0	9.111613	lm
0	Q0	4169869	20	0	9.111613	lm
0	Q0	5116458	21	0	9.070452	lm
0	Q0	4943932	22	0	9.047994	lm
0	Q0	1442258	23	0	8.771189	lm
0	Q0	4549380	24	0	8.770422	lm
0	Q0	3338377	25	0	8.738737	lm
0	Q0	2231093	26	0	8.697683	lm
0	Q0	1954424	27	0	8.697683	lm
0	Q0	4716053	28	0	8.697683	lm
0	Q0	4803496	29	0	8.697683	lm
0	Q0	3374116	30	0	8.652791	lm
0	Q0	243062	31	0	8.578235	lm
0	Q0	2669799	32	0	8.487604	lm
0	Q0	4865695	33	0	8.412121	lm
0	Q0	4141620	34	0	8.388523	lm
0	Q0	4751146	35	0	8.388523	lm
0	Q0	175402	36	0	8.369295	lm
0	Q0	159087	37	0	8.238667	lm
0	Q0	1449896	38	0	8.218343	lm
0	Q0	309402	39	0	8.161177	lm
0	Q0	1819711	40	0	8.161177	lm
0	Q0	2296344	41	0	8.058586	lm
0	Q0	1183334	42	0	8.0369005	lm
0	Q0	2071087	43	0	8.028062	lm
0	Q0	3080266	44	0	7.8317227	lm
0	Q0	4779656	45	0	7.8317227	lm
0	Q0	4388074	46	0	7.8317227	lm
0	Q0	3906940	47	0	7.761366	lm
0	Q0	2790979	48	0	7.728016	lm
0	Q0	2160982	49	0	7.7084827	lm
0	Q0	4168332	50	0	7.692261	lm
0	Q0	830374	51	0	7.6296015	lm
0	Q0	4378356	52	0	7.6202946	lm
0	Q0	2191319	53	0	7.5927258	lm
0	Q0	4794430	54	0	7.5927258	lm
0	Q0	2021217	55	0	7.504157	lm
0	Q0	978674	56	0	7.4822044	lm
0	Q0	2331070	57	0	7.4822044	lm
0	Q0	2068782	58	0	7.477431	lm
0	Q0	5181672	59	0	7.45619	lm
0	Q0	4700709	60	0	7.418078	lm
0	Q0	2224004	61	0	7.4024496	lm
0	Q0	2253440	62	0	7.338559	lm
0	Q0	451880	63	0	7.312563	lm
0	Q0	920518	64	0	7.312563	lm
0	Q0	2539098	65	0	7.312563	lm
0	Q0	3520511	66	0	7.312563	lm
0	Q0	3706704	67	0	7.312563	lm
0	Q0	4667526	68	0	7.312563	lm
0	Q0	4651368	69	0	7.312563	lm
0	Q0	4153242	70	0	7.296323	lm
0	Q0	4550009	71	0	7.277025	lm
0	Q0	1967725	72	0	7.2433844	lm
0	Q0	3390674	73	0	7.2341213	lm
0	Q0	4148347	74	0	7.2118998	lm
0	Q0	453594	75	0	7.2085137	lm
0	Q0	100205	76	0	7.2085137	lm
0	Q0	1363908	77	0	7.2085137	lm
0	Q0	3082102	78	0	7.2085137	lm
0	Q0	2959661	79	0	7.2085137	lm
0	Q0	3823283	80	0	7.2085137	lm
0	Q0	3684943	81	0	7.2085137	lm
0	Q0	3036315	82	0	7.1458874	lm
0	Q0	3397927	83	0	7.1458874	lm
0	Q0	5399059	84	0	7.1458874	lm
0	Q0	262890	85	0	7.132383	lm
0	Q0	1674915	86	0	7.129007	lm
0	Q0	1636996	87	0	7.118784	lm
0	Q0	4871839	88	0	7.1098447	lm
0	Q0	2708248	89	0	7.0879025	lm
0	Q0	3439501	90	0	7.0879025	lm
0	Q0	134765	91	0	7.072979	lm
0	Q0	2466973	92	0	7.072979	lm
0	Q0	1492928	93	0	7.072979	lm
0	Q0	2841191	94	0	7.072979	lm
0	Q0	5214198	95	0	7.072979	lm
0	Q0	2123239	96	0	7.02207	lm
0	Q0	2272718	97	0	7.006468	lm
0	Q0	5001963	98	0	7.006468	lm
0	Q0	3032825	99	0	6.9831085	lm
0	Q0	566836	100	0	6.9723983	lm
1	Q0	4436549	1	0	15.701139	lm
1	Q0	2545056	2	0	11.911534	lm
1	Q0	2873904	3	0	10.611124	lm
1	Q0	20479	4	0	10.333345	lm
1	Q0	657433	5	0	10.23909	lm
1	Q0	2236092	6	0	10.23909	lm
1	Q0	2179550	7	0	10.23909	lm
1	Q0	4901790	8	0	10.23909	lm
1	Q0	932864	9	0	10.156467	lm
1	Q0	1928909	10	0	10.156467	lm
1	Q0	534639	11	0	9.455252	lm
1	Q0	4531209	12	0	9.455252	lm
1	Q0	2017184	13	0	9.320314	lm
1	Q0	4859	14	0	9.302349	lm
1	Q0	849990	15	0	9.302349	lm
1	Q0	2424584	16	0	9.302349	lm
1	Q0	3129064	17	0	9.302349	lm
1	Q0	4954101	18	0	9.302349	lm
1	Q0	5381126	19	0	9.302349	lm
1	Q0	256676	20	0	9.264614	lm
1	Q0	1011036	21	0	9.264614	lm
1	Q0	1212107	22	0	9.264614	lm
1	Q0	1545811	23	0	9.264614	lm
1	Q0	2141314	24	0	9.264614	lm
1	Q0	3207283	25	0	9.264614	lm
1	Q0	4443616	26	0	9.264614	lm
1	Q0	223678	27	0	9.139944	lm
1	Q0	2213426	28	0	9.139944	lm
1	Q0	1302732	29	0	9.139944	lm
1	Q0	3059342	30	0	9.139944	lm
1	Q0	894686	31	0	9.13296	lm
1	Q0	2222048	32	0	9.05443	lm
1	Q0	4473692	33	0	9.05443	lm
1	Q0	1258225	34	0	9.025726	lm
1	Q0	5057518	35	0	9.025726	lm
1	Q0	2838310	36	0	8.839009	lm
1	Q0	707451	37	0	8.833978	lm
1	Q0	4383690	38	0	8.833978	lm
1	Q0	3183191	39	0	8.819384	lm
1	Q0	4225002	40	0	8.819384	lm
1	Q0	3940493	41	0	8.819384	lm
1	Q0	5068800	42	0	8.819384	lm
1	Q0	333315	43	0	8.7118635	lm
1	Q0	466513	44	0	8.7118635	lm
1	Q0	1041676	45	0	8.538863	lm
1	Q0	683848	46	0	8.529106	lm
1	Q0	2437968	47	0	8.529106	lm
1	Q0	1624467	48	0	8.529106	lm
1	Q0	3617344	49	0	8.529106	lm
1	Q0	3529377	50	0	8.529106	lm
1	Q0	3498173	51	0	8.529106	lm
1	Q0	2822783	52	0	8.512997	lm
1	Q0	4639641	53	0	8.512997	lm
1	Q0	2573360	54	0	8.497609	lm
1	Q0	4491370	55	0	8.497609	lm
1	Q0	2074012	56	0	8.459506	lm
1	Q0	3620265	57	0	8.459506	lm
1	Q0	5123088	58	0	8.459506	lm
1	Q0	2588211	59	0	8.384093	lm
1	Q0	4613100	60	0	8.3302765	lm
1	Q0	314914	61	0	8.299449	lm
1	Q0	3238294	62	0	8.299449	lm
1	Q0	472085	63	0	8.261274	lm
1	Q0	184312	64	0	8.240198	lm
1	Q0	5399482	65	0	8.240198	lm
1	Q0	3463395	66	0	8.221355	lm
1	Q0	782858	67	0	8.214525	lm
1	Q0	1806765	68	0	8.214525	lm
1	Q0	1826205	69	0	8.214525	lm
1	Q0	2523490	70	0	8.214525	lm
1	Q0	4222297	71	0	8.214525	lm
1	Q0	5101724	72	0	8.197161	lm
1	Q0	673877	73	0	8.182174	lm
1	Q0	4689844	74	0	8.182174	lm
1	Q0	4634403	75	0	8.182174	lm
1	Q0	4107961	76	0	8.104769	lm
1	Q0	645141	77	0	8.044253	lm
1	Q0	2797238	78	0	8.044253	lm
1	Q0	531788	79	0	7.9962487	lm
1	Q0	697583	80	0	7.9962487	lm
1	Q0	1119424	81	0	7.9962487	lm
1	Q0	1657080	82	0	7.9962487	lm
1	Q0	2489762	83	0	7.9962487	lm
1	Q0	2599257	84	0	7.9962487	lm
1	Q0	3815798	85	0	7.9962487	lm
1	Q0	3689240	86	0	7.9962487	lm
1	Q0	3542366	87	0	7.9962487	lm
1	Q0	4764784	88	0	7.9962487	lm
1	Q0	4553269	89	0	7.9962487	lm
1	Q0	5408325	90	0	7.9962487	lm
1	Q0	430198	91	0	7.9702215	lm
1	Q0	435178	92	0	7.9702215	lm
1	Q0	2322809	93	0	7.9702215	lm
1	Q0	2199021	94	0	7.9702215	lm
1	Q0	1382325	95	0	7.9702215	lm
1	Q0	1708602	96	0	7.9702215	lm
1	Q0	2713288	97	0	7.9702215	lm
1	Q0	2880802	98	0	7.9702215	lm
1	Q0	2686847	99	0	7.9702215	lm
1	Q0	3307002	100	0	7.9702215	lm
2	Q0	107395	1	0	11.89929	lm
2	Q0	17620	2	0	10.957485	lm
2	Q0	1229837	3	0	9.759119	lm
2	Q0	1463653	4	0	9.650375	lm
2	Q0	2990418	5	0	9.330709	lm
2	Q0	989023	6	0	9.207783	lm
2	Q0	3352161	7	0	8.965744	lm
2	Q0	3356354	8	0	8.903479	lm
2	Q0	3835252	9	0	8.903479	lm
2	Q0	438716	10	0	8.858739	lm
2	Q0	719259	11	0	8.858739	lm
2	Q0	3184093	12	0	8.858739	lm
2	Q0	2815259	13	0	8.765738	lm
2	Q0	1081227	14	0	8.730217	lm
2	Q0	3663703	15	0	8.614018	lm
2	Q0	4996474	16	0	8.52169	lm
2	Q0	2208634	17	0	8.448336	lm
2	Q0	371121	18	0	8.428858	lm
2	Q0	2926	19	0	8.428858	lm
2	Q0	2086520	20	0	8.428858	lm
2	Q0	1223075	21	0	8.428858	lm
2	Q0	2357801	22	0	8.428858	lm
2	Q0	3364015	23	0	8.428858	lm
2	Q0	149731	24	0	8.420326	lm
2	Q0	1765218	25	0	8.372274	lm
2	Q0	5370483	26	0	8.18032	lm
2	Q0	3081168	27	0	8.144498	lm
2	Q0	774700	28	0	7.9864683	lm
2	Q0	2986529	29	0	7.944865	lm
2	Q0	3119222	30	0	7.944865	lm
2	Q0	2260875	31	0	7.941128	lm
2	Q0	4295801	32	0	7.941128	lm
2	Q0	3457414	33	0	7.9269724	lm
2	Q0	3890024	34	0	7.839186	lm
2	Q0	261783	35	0	7.8190727	lm
2	Q0	1342026	36	0	7.8190727	lm
2	Q0	1702766	37	0	7.8190727	lm
2	Q0	100879	38	0	7.7451563	lm
2	Q0	1713481	39	0	7.7347207	lm
2	Q0	148980	40	0	7.6070137	lm
2	Q0	1098224	41	0	7.5824804	lm
2	Q0	328220	42	0	7.5792465	lm
2	Q0	2810502	43	0	7.5792465	lm
2	Q0	3751196	44	0	7.5586243	lm
2	Q0	2051645	45	0	7.5044475	lm
2	Q0	1447634	46	0	7.5044475	lm
2	Q0	1535756	47	0	7.5044475	lm
2	Q0	3307198	48	0	7.4648476	lm
2	Q0	5007144	49	0	7.4648476	lm
2	Q0	4710026	50	0	7.4477797	lm
2	Q0	1581061	51	0	7.428048	lm
2	Q0	4241716	52	0	7.3999934	lm
2	Q0	4300389	53	0	7.326466	lm
2	Q0	876218	54	0	7.309637	lm
2	Q0	508568	55	0	7.2908664	lm
2	Q0	4454861	56	0	7.2855835	lm
2	Q0	5169299	57	0	7.2855835	lm
2	Q0	819053	58	0	7.2751455	lm
2	Q0	3682427	59	0	7.2576323	lm
2	Q0	4846582	60	0	7.24182	lm
2	Q0	971514	61	0	7.2195807	lm
2	Q0	2595035	62	0	7.2195807	lm
2	Q0	2030402	63	0	7.211276	lm
2	Q0	763121	64	0	7.005557	lm
2	Q0	1532296	65	0	6.993762	lm
2	Q0	4663332	66	0	6.9808006	lm
2	Q0	3488532	67	0	6.948862	lm
2	Q0	5269391	68	0	6.9473686	lm
2	Q0	4974184	69	0	6.9306936	lm
2	Q0	807573	70	0	6.9198623	lm
2	Q0	5245109	71	0	6.916272	lm
2	Q0	4267007	72	0	6.8190203	lm
2	Q0	3027981	73	0	6.8058386	lm
2	Q0	2340268	74	0	6.80017	lm
2	Q0	723715	75	0	6.7877965	lm
2	Q0	3670688	76	0	6.6949377	lm
2	Q0	3887075	77	0	6.6949377	lm
2	Q0	4613954	78	0	6.6949377	lm
2	Q0	5015410	79	0	6.6949377	lm
2	Q0	5057605	80	0	6.6949377	lm
2	Q0	5344367	81	0	6.6872616	lm
2	Q0	1224772	82	0	6.668793	lm
2	Q0	1809164	83	0	6.6487274	lm
2	Q0	5210722	84	0	6.6487274	lm
2	Q0	2491479	85	0	6.610497	lm
2	Q0	1110932	86	0	6.607254	lm
2	Q0	3386402	87	0	6.5879345	lm
2	Q0	909807	88	0	6.552254	lm
2	Q0	839590	89	0	6.5518365	lm
2	Q0	1873775	90	0	6.5518365	lm
2	Q0	3184752	91	0	6.5518365	lm
2	Q0	5161845	92	0	6.5518365	lm
2	Q0	5052305	93	0	6.5518365	lm
2	Q0	5337188	94	0	6.5518365	lm
2	Q0	414653	95	0	6.469871	lm
2	Q0	1118995	96	0	6.463914	lm
2	Q0	406318	97	0	6.460208	lm
2	Q0	149390	98	0	6.460208	lm
2	Q0	2423602	99	0	6.460208	lm
2	Q0	1396051	100	0	6.460208	lm
3	Q0	4247307	1	0	19.660202	lm
3	Q0	3224918	2	0	18.161074	lm
3	Q0	3521649	3	0	18.161074	lm
3	Q0	4316470	4	0	18.161074	lm
3	Q0	4596453	5	0	18.161074	lm
3	Q0	4971579	6	0	18.161074	lm
3	Q0	764687	7	0	16.96517	lm
3	Q0	4003588	8	0	16.96517	lm
3	Q0	2319323	9	0	16.830894	lm
3	Q0	1784500	10	0	16.830894	lm
3	Q0	1932609	11	0	16.830894	lm
3	Q0	5327871	12	0	16.830894	lm
3	Q0	655246	13	0	16.768007	lm
3	Q0	487774	14	0	16.236057	lm
3	Q0	2696366	15	0	15.763033	lm
3	Q0	1184174	16	0	15.677818	lm
3	Q0	4113465	17	0	15.677818	lm
3	Q0	1923239	18	0	15.586971	lm
3	Q0	4903451	19	0	15.500477	lm
3	Q0	2623154	20	0	15.090698	lm
3	Q0	2654005	21	0	15.090698	lm
3	Q0	3502959	22	0	15.008737	lm
3	Q0	4019445	23	0	14.810961	lm
3	Q0	4372062	24	0	14.810961	lm
3	Q0	3048177	25	0	14.593977	lm
3	Q0	1618600	26	0	14.531773	lm
3	Q0	5071173	27	0	14.531773	lm
3	Q0	537742	28	0	14.407768	lm
3	Q0	3763354	29	0	14.407768	lm
3	Q0	4151422	30	0	14.399298	lm
3	Q0	1755961	31	0	14.185704	lm
3	Q0	3156129	32	0	14.185704	lm
3	Q0	657233	33	0	13.899057	lm
3	Q0	1453710	34	0	13.825357	lm
3	Q0	4953277	35	0	13.825357	lm
3	Q0	576133	36	0	13.704457	lm
3	Q0	2101676	37	0	13.63768	lm
3	Q0	1559711	38	0	13.557674	lm
3	Q0	2395174	39	0	13.503305	lm
3	Q0	2093781	40	0	13.503305	lm
3	Q0	1666030	41	0	13.460338	lm
3	Q0	3465155	42	0	13.460338	lm
3	Q0	4947370	43	0	13.423103	lm
3	Q0	5208930	44	0	13.27966	lm
3	Q0	2521525	45	0	13.205036	lm
3	Q0	3275318	46	0	12.760887	lm
3	Q0	2253547	47	0	12.602195	lm
3	Q0	237998	48	0	12.415724	lm
3	Q0	2666016	49	0	12.415724	lm
3	Q0	4963969	50	0	12.415724	lm
3	Q0	470265	51	0	12.356475	lm
3	Q0	3773207	52	0	12.356475	lm
3	Q0	887252	53	0	12.192189	lm
3	Q0	3744572	54	0	12.116801	lm
3	Q0	1028672	55	0	12.113025	lm
3	Q0	1533912	56	0	12.113025	lm
3	Q0	3345164	57	0	12.113025	lm
3	Q0	3954747	58	0	12.113025	lm
3	Q0	1044689	59	0	12.085088	lm
3	Q0	1306430	60	0	12.068758	lm
3	Q0	726266	61	0	12.004986	lm
3	Q0	1850940	62	0	12.004986	lm
3	Q0	3331391	63	0	11.900703	lm
3	Q0	3071602	64	0	11.900703	lm
3	Q0	3768908	65	0	11.81716	lm
3	Q0	3942963	66	0	11.81716	lm
3	Q0	317128	67	0	11.808839	lm
3	Q0	4263845	68	0	11.808839	lm
3	Q0	59565	69	0	11.750961	lm
3	Q0	596058	70	0	11.750961	lm
3	Q0	500793	71	0	11.750961	lm
3	Q0	3602379	72	0	11.750961	lm
3	Q0	4639561	73	0	11.750961	lm
3	Q0	2067281	74	0	11.704668	lm
3	Q0	4233870	75	0	11.646984	lm
3	Q0	1121787	76	0	11.636571	lm
3	Q0	865621	77	0	11.624137	lm
3	Q0	2562625	78	0	11.624137	lm
3	Q0	2164354	79	0	11.594252	lm
3	Q0	2013035	80	0	11.5897045	lm
3	Q0	4086645	81	0	11.5897045	lm
3	Q0	3701307	82	0	11.298913	lm
3	Q0	387163	83	0	11.266712	lm
3	Q0	1175380	84	0	11.266712	lm
3	Q0	3283657	85	0	11.261771	lm
3	Q0	6	86	0	11.201517	lm
3	Q0	3010528	87	0	11.201517	lm
3	Q0	4752098	88	0	11.201517	lm
3	Q0	4650693	89	0	11.201517	lm
3	Q0	2872606	90	0	11.191371	lm
3	Q0	464293	91	0	11.0181675	lm
3	Q0	2344072	92	0	11.0181675	lm
3	Q0	4299416	93	0	11.0181675	lm
3	Q0	4598693	94	0	11.0181675	lm
3	Q0	1737291	95	0	11.01672	lm
3	Q0	2721063	96	0	11.01672	lm
3	Q0	2338358	97	0	11.01672	lm
3	Q0	2223345	98	0	10.960202	lm
3	Q0	5216751	99	0	10.960202	lm
3	Q0	1410572	100	0	10.930613	lm
4	Q0	3676603	1	0	14.212054	lm
4	Q0	3569685	2	0	11.125651	lm
4	Q0	823344	3	0	10.597364	lm
4	Q0	1518459	4	0	10.597364	lm
4	Q0	1840981	5	0	10.476299	lm
4	Q0	118302	6	0	10.452951	lm
4	Q0	3006291	7	0	10.257435	lm
4	Q0	3069975	8	0	10.257435	lm
4	Q0	2874921	9	0	9.804954	lm
4	Q0	413294	10	0	9.293949	lm
4	Q0	2076598	11	0	9.212948	lm
4	Q0	1349460	12	0	9.212948	lm
4	Q0	1234447	13	0	9.140703	lm
4	Q0	4775663	14	0	9.135032	lm
4	Q0	2716640	15	0	9.133365	lm
4	Q0	3083423	16	0	9.133365	lm
4	Q0	721633	17	0	9.034333	lm
4	Q0	4448907	18	0	8.986956	lm
4	Q0	4480103	19	0	8.907967	lm
4	Q0	4021804	20	0	8.841223	lm
4	Q0	4348309	21	0	8.841223	lm
4	Q0	5007238	22	0	8.841223	lm
4	Q0	586737	23	0	8.775999	lm
4	Q0	3967679	24	0	8.755511	lm
4	Q0	757633	25	0	8.728382	lm
4	Q0	3559626	26	0	8.728382	lm
4	Q0	714471	27	0	8.572094	lm
4	Q0	2852869	28	0	8.572094	lm
4	Q0	3185399	29	0	8.572094	lm
4	Q0	4281482	30	0	8.572094	lm
4	Q0	4703486	31	0	8.572094	lm
4	Q0	4424823	32	0	8.572094	lm
4	Q0	755874	33	0	8.560742	lm
4	Q0	1726669	34	0	8.560742	lm
4	Q0	3162377	35	0	8.560742	lm
4	Q0	1831133	36	0	8.546839	lm
4	Q0	3327901	37	0	8.497517	lm
4	Q0	2497924	38	0	8.44108	lm
4	Q0	2660584	39	0	8.388741	lm
4	Q0	3569091	40	0	8.388741	lm
4	Q0	4172312	41	0	8.388741	lm
4	Q0	2673461	42	0	8.297512	lm
4	Q0	1298887	43	0	8.290851	lm
4	Q0	1446009	44	0	8.276045	lm
4	Q0	990699	45	0	8.119256	lm
4	Q0	3084569	46	0	8.119256	lm
4	Q0	4241937	47	0	8.119256	lm
4	Q0	1450807	48	0	8.055478	lm
4	Q0	265925	49	0	8.049987	lm
4	Q0	2628368	50	0	8.049987	lm
4	Q0	1617625	51	0	7.9710045	lm
4	Q0	1659377	52	0	7.9710045	lm
4	Q0	4077471	53	0	7.9710045	lm
4	Q0	333990	54	0	7.877161	lm
4	Q0	4543041	55	0	7.877161	lm
4	Q0	1526197	56	0	7.846364	lm
4	Q0	4679473	57	0	7.846364	lm
4	Q0	3859359	58	0	7.816802	lm
4	Q0	2238015	59	0	7.701001	lm
4	Q0	2022400	60	0	7.701001	lm
4	Q0	1391840	61	0	7.701001	lm
4	Q0	1772095	62	0	7.701001	lm
4	Q0	4164938	63	0	7.701001	lm
4	Q0	4346558	64	0	7.701001	lm
4	Q0	1218323	65	0	7.673461	lm
4	Q0	2552486	66	0	7.673461	lm
4	Q0	4205929	67	0	7.673461	lm
4	Q0	2878134	68	0	7.647832	lm
4	Q0	2529748	69	0	7.647832	lm
4	Q0	3664305	70	0	7.647832	lm
4	Q0	5389623	71	0	7.647832	lm
4	Q0	1388695	72	0	7.6360106	lm
4	Q0	3271533	73	0	7.6360106	lm
4	Q0	2883720	74	0	7.620784	lm
4	Q0	5107614	75	0	7.600981	lm
4	Q0	3136568	76	0	7.5978003	lm
4	Q0	3630534	77	0	7.5967455	lm
4	Q0	4727570	78	0	7.5652976	lm
4	Q0	46876	79	0	7.5251293	lm
4	Q0	2222926	80	0	7.5251293	lm
4	Q0	4802620	81	0	7.462984	lm
4	Q0	5352402	82	0	7.445899	lm
4	Q0	698843	83	0	7.3887405	lm
4	Q0	2762046	84	0	7.2990255	lm
4	Q0	820560	85	0	7.2925453	lm
4	Q0	1310975	86	0	7.2925453	lm
4	Q0	1686031	87	0	7.2548833	lm
4	Q0	1863466	88	0	7.2548833	lm
4	Q0	4407560	89	0	7.2542996	lm
4	Q0	1932868	90	0	7.2532487	lm
4	Q0	4202635	91	0	7.2532487	lm
4	Q0	5408398	92	0	7.2532487	lm
4	Q0	3199753	93	0	7.1411843	lm
4	Q0	3379451	94	0	7.1318226	lm
4	Q0	1255658	95	0	7.1298947	lm
4	Q0	4652791	96	0	7.1298947	lm
4	Q0	4873687	97	0	7.0991	lm
4	Q0	1782076	98	0	7.0752935	lm
4	Q0	2474551	99	0	7.0752935	lm
4	Q0	991497	100	0	7.0599413	lm
5	Q0	2999472	1	0	12.479927	lm
5	Q0	3231790	2	0	11.848394	lm
5	Q0	79417	3	0	11.712447	lm
5	Q0	487486	4	0	11.547531	lm
5	Q0	1233956	5	0	11.547531	lm
5	Q0	5238555	6	0	11.547531	lm
5	Q0	5391408	7	0	11.547531	lm
5	Q0	2192102	8	0	11.509329	lm
5	Q0	4092025	9	0	11.509329	lm
5	Q0	3254269	10	0	11.390413	lm
5	Q0	5039343	11	0	11.353026	lm
5	Q0	333615	12	0	11.3458	lm
5	Q0	1874583	13	0	11.257768	lm
5	Q0	3782178	14	0	11.257768	lm
5	Q0	708057	15	0	11.229637	lm
5	Q0	2508389	16	0	11.229637	lm
5	Q0	1460833	17	0	11.085813	lm
5	Q0	2240102	18	0	11.017565	lm
5	Q0	3897251	19	0	11.017565	lm
5	Q0	1216851	20	0	10.968523	lm
5	Q0	1237150	21	0	10.968523	lm
5	Q0	2372218	22	0	10.968523	lm
5	Q0	3426144	23	0	10.968523	lm
5	Q0	4734301	24	0	10.968523	lm
5	Q0	1185179	25	0	10.825112	lm
5	Q0	1476382	26	0	10.825112	lm
5	Q0	765786	27	0	10.805809	lm
5	Q0	783494	28	0	10.805809	lm
5	Q0	4157968	29	0	10.805809	lm
5	Q0	3970786	30	0	10.805809	lm
5	Q0	3977388	31	0	10.805809	lm
5	Q0	4625670	32	0	10.805809	lm
5	Q0	4968200	33	0	10.805809	lm
5	Q0	1396290	34	0	10.71981	lm
5	Q0	3140286	35	0	10.71981	lm
5	Q0	3486552	36	0	10.71981	lm
5	Q0	5085621	37	0	10.71981	lm
5	Q0	2328232	38	0	10.615927	lm
5	Q0	1019548	39	0	10.564014	lm
5	Q0	2520091	40	0	10.564014	lm
5	Q0	3799960	41	0	10.564014	lm
5	Q0	3410670	42	0	10.532344	lm
5	Q0	2464333	43	0	10.49291	lm
5	Q0	1052042	44	0	10.49291	lm
5	Q0	4600730	45	0	10.49291	lm
5	Q0	50500	46	0	10.482597	lm
5	Q0	2448061	47	0	10.482597	lm
5	Q0	1657009	48	0	10.482597	lm
5	Q0	2639901	49	0	10.482597	lm
5	Q0	3874901	50	0	10.482597	lm
5	Q0	4754423	51	0	10.482597	lm
5	Q0	4806178	52	0	10.482597	lm
5	Q0	2766889	53	0	10.315796	lm
5	Q0	3094346	54	0	10.315796	lm
5	Q0	3652059	55	0	10.315796	lm
5	Q0	3380734	56	0	10.315796	lm
5	Q0	5040266	57	0	10.315796	lm
5	Q0	1504728	58	0	10.201273	lm
5	Q0	3326836	59	0	10.201273	lm
5	Q0	5118168	60	0	10.201273	lm
5	Q0	883547	61	0	10.079488	lm
5	Q0	991812	62	0	10.079488	lm
5	Q0	635462	63	0	10.079488	lm
5	Q0	2192725	64	0	10.079488	lm
5	Q0	134345	65	0	10.073755	lm
5	Q0	584901	66	0	10.073755	lm
5	Q0	2450869	67	0	10.073755	lm
5	Q0	2042050	68	0	10.073755	lm
5	Q0	1581934	69	0	10.073755	lm
5	Q0	1762108	70	0	10.073755	lm
5	Q0	2905755	71	0	10.073755	lm
5	Q0	3217304	72	0	10.073755	lm
5	Q0	5003409	73	0	10.073755	lm
5	Q0	4547841	74	0	10.049572	lm
5	Q0	896655	75	0	9.969	lm
5	Q0	3261209	76	0	9.969	lm
5	Q0	2179188	77	0	9.873156	lm
5	Q0	5007541	78	0	9.854219	lm
5	Q0	5316514	79	0	9.854219	lm
5	Q0	1874930	80	0	9.832236	lm
5	Q0	290386	81	0	9.743705	lm
5	Q0	612740	82	0	9.743705	lm
5	Q0	2913748	83	0	9.743705	lm
5	Q0	2705675	84	0	9.743705	lm
5	Q0	3331008	85	0	9.743705	lm
5	Q0	3733799	86	0	9.743705	lm
5	Q0	4801810	87	0	9.743705	lm
5	Q0	1051242	88	0	9.662468	lm
5	Q0	1566408	89	0	9.662468	lm
5	Q0	1576016	90	0	9.662468	lm
5	Q0	1086500	91	0	9.639203	lm
5	Q0	962795	92	0	9.633646	lm
5	Q0	668254	93	0	9.598781	lm
5	Q0	881252	94	0	9.51424	lm
5	Q0	809373	95	0	9.443187	lm
5	Q0	4878293	96	0	9.443187	lm
5	Q0	150200	97	0	9.434594	lm
5	Q0	1731808	98	0	9.434594	lm
5	Q0	2481829	99	0	9.434594	lm
5	Q0	3120006	100	0	9.434594	lm
6	Q0	1024089	1	0	19.56921	lm
6	Q0	3157601	2	0	19.56921	lm
6	Q0	2168414	3	0	18.585247	lm
6	Q0	3804411	4	0	18.585247	lm
6	Q0	1392117	5	0	18.126604	lm
6	Q0	3465544	6	0	18.126604	lm
6	Q0	1439495	7	0	17.783005	lm
6	Q0	3073791	8	0	17.783005	lm
6	Q0	3214030	9	0	17.783005	lm
6	Q0	14	10	0	17.585865	lm
6	Q0	4558392	11	0	17.585865	lm
6	Q0	5295984	12	0	17.585865	lm
6	Q0	1460316	13	0	14.84948	lm
6	Q0	29207	14	0	12.564341	lm
6	Q0	2790730	15	0	12.423618	lm
6	Q0	4548867	16	0	12.423618	lm
6	Q0	2226920	17	0	11.987457	lm
6	Q0	2271412	18	0	11.987457	lm
6	Q0	4692182	19	0	11.596518	lm
6	Q0	2422058	20	0	11.567168	lm
6	Q0	2269934	21	0	11.567168	lm
6	Q0	3861567	22	0	11.567168	lm
6	Q0	4794141	23	0	11.567168	lm
6	Q0	5320805	24	0	11.567168	lm
6	Q0	60033	25	0	11.17535	lm
6	Q0	643242	26	0	11.17535	lm
6	Q0	4124567	27	0	11.17535	lm
6	Q0	4910109	28	0	11.17535	lm
6	Q0	2227637	29	0	11.011902	lm
6	Q0	197260	30	0	10.809208	lm
6	Q0	3451338	31	0	10.809208	lm
6	Q0	3989438	32	0	10.809208	lm
6	Q0	2118688	33	0	10.500202	lm
6	Q0	649198	34	0	10.466295	lm
6	Q0	1333946	35	0	10.466295	lm
6	Q0	3145657	36	0	10.144472	lm
6	Q0	2536013	37	0	9.889801	lm
6	Q0	1775597	38	0	9.544483	lm
6	Q0	5145801	39	0	9.398453	lm
6	Q0	3184245	40	0	9.28772	lm
6	Q0	4496572	41	0	9.28772	lm
6	Q0	5078147	42	0	9.28772	lm
6	Q0	2281805	43	0	9.27595	lm
6	Q0	1401790	44	0	9.27595	lm
6	Q0	2400771	45	0	9.033415	lm
6	Q0	1008804	46	0	8.833477	lm
6	Q0	3956580	47	0	8.833477	lm
6	Q0	2236053	48	0	8.792664	lm
6	Q0	406309	49	0	8.783621	lm
6	Q0	751017	50	0	8.783621	lm
6	Q0	649969	51	0	8.658132	lm
6	Q0	1528645	52	0	8.658132	lm
6	Q0	3318161	53	0	8.658132	lm
6	Q0	3476612	54	0	8.658132	lm
6	Q0	4682356	55	0	8.658132	lm
6	Q0	4557032	56	0	8.658132	lm
6	Q0	988133	57	0	8.628431	lm
6	Q0	1730944	58	0	8.569368	lm
6	Q0	5400569	59	0	8.569368	lm
6	Q0	1265490	60	0	8.564413	lm
6	Q0	5168740	61	0	8.564413	lm
6	Q0	1745934	62	0	8.55069	lm
6	Q0	3798448	63	0	8.55069	lm
6	Q0	3144289	64	0	8.55069	lm
6	Q0	3561358	65	0	8.439655	lm
6	Q0	4014220	66	0	8.439655	lm
6	Q0	4732375	67	0	8.439655	lm
6	Q0	3685589	68	0	8.3477125	lm
6	Q0	1330766	69	0	8.271443	lm
6	Q0	2177690	70	0	8.271443	lm
6	Q0	4055691	71	0	8.271443	lm
6	Q0	4487919	72	0	8.271443	lm
6	Q0	601208	73	0	8.2468	lm
6	Q0	2182749	74	0	8.242497	lm
6	Q0	252709	75	0	8.240002	lm
6	Q0	1605229	76	0	8.240002	lm
6	Q0	344356	77	0	8.141706	lm
6	Q0	2467999	78	0	8.141706	lm
6	Q0	2595950	79	0	8.136084	lm
6	Q0	980009	80	0	8.090792	lm
6	Q0	982084	81	0	8.090792	lm
6	Q0	1082627	82	0	8.090792	lm
6	Q0	2728364	83	0	8.090792	lm
6	Q0	3145294	84	0	8.090792	lm
6	Q0	4402541	85	0	8.090792	lm
6	Q0	4975712	86	0	8.090792	lm
6	Q0	5295746	87	0	8.090792	lm
6	Q0	1482378	88	0	8.084999	lm
6	Q0	1351636	89	0	8.084999	lm
6	Q0	1753554	90	0	8.084999	lm
6	Q0	3794802	91	0	8.071796	lm
6	Q0	5367771	92	0	8.071796	lm
6	Q0	63932	93	0	8.068876	lm
6	Q0	4385709	94	0	8.068876	lm
6	Q0	2017124	95	0	7.951101	lm
6	Q0	1844148	96	0	7.951101	lm
6	Q0	385216	97	0	7.936124	lm
6	Q0	2289287	98	0	7.936124	lm
6	Q0	4591085	99	0	7.936124	lm
6	Q0	875433	100	0	7.89876	lm
7	Q0	651429	1	0	23.399025	lm
7	Q0	1418290	2	0	23.399025	lm
7	Q0	2893950	3	0	23.399025	lm
7	Q0	3309761	4	0	23.399025	lm
7	Q0	2534953	5	0	19.153214	lm
7	Q0	620396	6	0	18.117836	lm
7	Q0	2141420	7	0	17.78789	lm
7	Q0	5287820	8	0	17.10631	lm
7	Q0	3596991	9	0	15.941215	lm
7	Q0	6375	10	0	15.781214	lm
7	Q0	2033470	11	0	15.781214	lm
7	Q0	1424812	12	0	15.781214	lm
7	Q0	1818920	13	0	15.781214	lm
7	Q0	4079045	14	0	15.781214	lm
7	Q0	3929774	15	0	15.781214	lm
7	Q0	4292746	16	0	15.781214	lm
7	Q0	4754543	17	0	15.781214	lm
7	Q0	5162142	18	0	15.781214	lm
7	Q0	1121269	19	0	14.857419	lm
7	Q0	1994264	20	0	14.857419	lm
7	Q0	694912	21	0	14.167655	lm
7	Q0	218620	22	0	14.023885	lm
7	Q0	1482972	23	0	14.023885	lm
7	Q0	1204532	24	0	13.965612	lm
7	Q0	1407655	25	0	13.965612	lm
7	Q0	1773694	26	0	13.965612	lm
7	Q0	1205505	27	0	13.38013	lm
7	Q0	1307299	28	0	13.38013	lm
7	Q0	320700	29	0	13.152185	lm
7	Q0	990590	30	0	13.030042	lm
7	Q0	4296724	31	0	13.030042	lm
7	Q0	3140503	32	0	12.493183	lm
7	Q0	446933	33	0	12.435616	lm
7	Q0	2813040	34	0	12.435616	lm
7	Q0	2796999	35	0	12.435616	lm
7	Q0	3107993	36	0	12.435616	lm
7	Q0	3455560	37	0	12.435616	lm
7	Q0	1424795	38	0	12.087094	lm
7	Q0	3487798	39	0	11.8216915	lm
7	Q0	4122490	40	0	11.8216915	lm
7	Q0	366169	41	0	11.665273	lm
7	Q0	1409435	42	0	11.665273	lm
7	Q0	3673847	43	0	11.665273	lm
7	Q0	50925	44	0	11.630566	lm
7	Q0	2148561	45	0	11.630566	lm
7	Q0	3905763	46	0	11.417436	lm
7	Q0	3322229	47	0	11.327678	lm
7	Q0	3521501	48	0	11.24808	lm
7	Q0	30214	49	0	10.949398	lm
7	Q0	3375754	50	0	10.774595	lm
7	Q0	1270148	51	0	10.514798	lm
7	Q0	3202352	52	0	10.514798	lm
7	Q0	4832238	53	0	10.370855	lm
7	Q0	471191	54	0	10.285933	lm
7	Q0	2740902	55	0	10.285933	lm
7	Q0	2563655	56	0	10.285933	lm
7	Q0	4480298	57	0	10.264069	lm
7	Q0	1153576	58	0	10.221565	lm
7	Q0	1512335	59	0	10.221565	lm
7	Q0	4080501	60	0	10.200286	lm
7	Q0	1679722	61	0	10.166532	lm
7	Q0	300061	62	0	10.11834	lm
7	Q0	3046114	63	0	10.11834	lm
7	Q0	2465278	64	0	10.083225	lm
7	Q0	757726	65	0	10.083225	lm
7	Q0	2189550	66	0	10.083225	lm
7	Q0	1469723	67	0	10.083225	lm
7	Q0	2720253	68	0	10.083225	lm
7	Q0	3789535	69	0	10.083225	lm
7	Q0	3571517	70	0	10.083225	lm
7	Q0	4180922	71	0	10.083225	lm
7	Q0	4019139	72	0	10.083225	lm
7	Q0	460891	73	0	9.750692	lm
7	Q0	461509	74	0	9.750692	lm
7	Q0	467203	75	0	9.750692	lm
7	Q0	49932	76	0	9.750692	lm
7	Q0	836746	77	0	9.750692	lm
7	Q0	838166	78	0	9.750692	lm
7	Q0	2449268	79	0	9.750692	lm
7	Q0	2455647	80	0	9.750692	lm
7	Q0	2402432	81	0	9.750692	lm
7	Q0	2406426	82	0	9.750692	lm
7	Q0	1484622	83	0	9.750692	lm
7	Q0	1045702	84	0	9.750692	lm
7	Q0	1310273	85	0	9.750692	lm
7	Q0	1716108	86	0	9.750692	lm
7	Q0	1768707	87	0	9.750692	lm
7	Q0	1931867	88	0	9.750692	lm
7	Q0	1883790	89	0	9.750692	lm
7	Q0	2646423	90	0	9.750692	lm
7	Q0	2673722	91	0	9.750692	lm
7	Q0	2704246	92	0	9.750692	lm
7	Q0	3019320	93	0	9.750692	lm
7	Q0	3207934	94	0	9.750692	lm
7	Q0	3668284	95	0	9.750692	lm
7	Q0	3676196	96	0	9.750692	lm
7	Q0	4056696	97	0	9.750692	lm
7	Q0	4060085	98	0	9.750692	lm
7	Q0	3929791	99	0	9.750692	lm
7	Q0	4320133	100	0	9.750692	lm
8	Q0	739875	1	0	14.958561	lm
8	Q0	1397127	2	0	14.958561	lm
8	Q0	2479788	3	0	13.729827	lm
8	Q0	3226632	4	0	13.354625	lm
8	Q0	1901953	5	0	12.531659	lm
8	Q0	2095278	6	0	12.489383	lm
8	Q0	925624	7	0	12.374525	lm
8	Q0	597351	8	0	12.374525	lm
8	Q0	3124986	9	0	12.374525	lm
8	Q0	4775535	10	0	12.34362	lm
8	Q0	3030	11	0	11.761082	lm
8	Q0	2277839	12	0	11.761082	lm
8	Q0	5328080	13	0	11.521538	lm
8	Q0	5151228	14	0	11.446888	lm
8	Q0	945669	15	0	10.794996	lm
8	Q0	1336413	16	0	10.7785635	lm
8	Q0	1954917	17	0	10.773102	lm
8	Q0	4748022	18	0	10.55175	lm
8	Q0	849709	19	0	10.5072975	lm
8	Q0	2840955	20	0	10.5072975	lm
8	Q0	3803622	21	0	10.5072975	lm
8	Q0	4281126	22	0	10.5072975	lm
8	Q0	5116908	23	0	10.5072975	lm
8	Q0	5046555	24	0	10.5072975	lm
8	Q0	2408594	25	0	10.493592	lm
8	Q0	1223336	26	0	10.493592	lm
8	Q0	3039475	27	0	10.493592	lm
8	Q0	5076914	28	0	10.493592	lm
8	Q0	5183398	29	0	10.493592	lm
8	Q0	5333073	30	0	10.447443	lm
8	Q0	643423	31	0	10.408774	lm
8	Q0	3233678	32	0	10.360043	lm
8	Q0	4958241	33	0	10.334286	lm
8	Q0	3584206	34	0	10.29775	lm
8	Q0	1265977	35	0	10.234535	lm
8	Q0	1665486	36	0	10.234535	lm
8	Q0	5127310	37	0	10.234535	lm
8	Q0	4990459	38	0	10.234535	lm
8	Q0	2753994	39	0	10.198872	lm
8	Q0	3416135	40	0	10.173567	lm
8	Q0	3779761	41	0	10.115483	lm
8	Q0	3472186	42	0	10.115483	lm
8	Q0	817772	43	0	10.076668	lm
8	Q0	902698	44	0	10.046939	lm
8	Q0	977688	45	0	10.030573	lm
8	Q0	5337858	46	0	10.030573	lm
8	Q0	1262011	47	0	9.989466	lm
8	Q0	838548	48	0	9.975576	lm
8	Q0	4746076	49	0	9.975576	lm
8	Q0	4796387	50	0	9.94878	lm
8	Q0	1095891	51	0	9.934116	lm
8	Q0	1567436	52	0	9.700359	lm
8	Q0	3203121	53	0	9.697231	lm
8	Q0	3437173	54	0	9.697231	lm
8	Q0	4576542	55	0	9.697231	lm
8	Q0	1183596	56	0	9.697051	lm
8	Q0	1257123	57	0	9.697051	lm
8	Q0	1609086	58	0	9.697051	lm
8	Q0	3439018	59	0	9.697051	lm
8	Q0	3960231	60	0	9.697051	lm
8	Q0	4555802	61	0	9.697051	lm
8	Q0	4824849	62	0	9.697051	lm
8	Q0	5375019	63	0	9.697051	lm
8	Q0	2312528	64	0	9.678893	lm
8	Q0	1741681	65	0	9.678893	lm
8	Q0	4652668	66	0	9.678893	lm
8	Q0	67223	67	0	9.495079	lm
8	Q0	1019586	68	0	9.495079	lm
8	Q0	1871109	69	0	9.414828	lm
8	Q0	61500	70	0	9.351038	lm
8	Q0	985649	71	0	9.351038	lm
8	Q0	1565180	72	0	9.351038	lm
8	Q0	1625965	73	0	9.351038	lm
8	Q0	2490308	74	0	9.351038	lm
8	Q0	2346478	75	0	9.351038	lm
8	Q0	4578608	76	0	9.351038	lm
8	Q0	5071151	77	0	9.351038	lm
8	Q0	2407334	78	0	9.27178	lm
8	Q0	3003184	79	0	9.27178	lm
8	Q0	3356263	80	0	9.261335	lm
8	Q0	3778998	81	0	9.1815815	lm
8	Q0	1355517	82	0	9.124663	lm
8	Q0	2313017	83	0	9.089019	lm
8	Q0	1352831	84	0	9.081547	lm
8	Q0	1026620	85	0	9.044667	lm
8	Q0	1641619	86	0	9.044667	lm
8	Q0	2719128	87	0	9.044667	lm
8	Q0	4073677	88	0	9.044667	lm
8	Q0	4210473	89	0	9.044667	lm
8	Q0	3912958	90	0	9.044667	lm
8	Q0	3981452	91	0	9.044667	lm
8	Q0	5033917	92	0	9.044667	lm
8	Q0	5078396	93	0	9.044667	lm
8	Q0	674747	94	0	9.0212	lm
8	Q0	325279	95	0	9.012905	lm
8	Q0	1323297	96	0	9.012905	lm
8	Q0	1832990	97	0	9.012905	lm
8	Q0	3901889	98	0	9.012905	lm
8	Q0	5040922	99	0	9.012905	lm
8	Q0	1004040	100	0	8.990634	lm
9	Q0	505995	1	0	14.969284	lm
9	Q0	2866835	2	0	12.326241	lm
9	Q0	3476305	3	0	12.326241	lm
9	Q0	994627	4	0	10.477175	lm
9	Q0	3510615	5	0	10.477175	lm
9	Q0	4627359	6	0	10.477175	lm
9	Q0	5278801	7	0	10.477175	lm
9	Q0	4840090	8	0	10.316271	lm
9	Q0	650136	9	0	10.122279	lm
9	Q0	4959638	10	0	10.122279	lm
9	Q0	3588248	11	0	10.113398	lm
9	Q0	3588249	12	0	10.113398	lm
9	Q0	345031	13	0	9.48004	lm
9	Q0	2427965	14	0	9.257831	lm
9	Q0	3239278	15	0	8.914436	lm
9	Q0	3556072	16	0	8.675991	lm
9	Q0	2846523	17	0	8.467041	lm
9	Q0	3631575	18	0	8.467041	lm
9	Q0	3786620	19	0	8.467041	lm
9	Q0	3375750	20	0	8.451046	lm
9	Q0	526852	21	0	8.266775	lm
9	Q0	3206598	22	0	8.266775	lm
9	Q0	2473719	23	0	8.248167	lm
9	Q0	226169	24	0	8.217847	lm
9	Q0	1226101	25	0	7.995393	lm
9	Q0	2503810	26	0	7.995393	lm
9	Q0	3130940	27	0	7.995393	lm
9	Q0	302881	28	0	7.9247155	lm
9	Q0	627361	29	0	7.9247155	lm
9	Q0	1086477	30	0	7.9247155	lm
9	Q0	2758971	31	0	7.9247155	lm
9	Q0	2713187	32	0	7.9247155	lm
9	Q0	4151781	33	0	7.9247155	lm
9	Q0	4048327	34	0	7.9247155	lm
9	Q0	3454520	35	0	7.8729877	lm
9	Q0	798168	36	0	7.80554	lm
9	Q0	2114880	37	0	7.80554	lm
9	Q0	3447772	38	0	7.80554	lm
9	Q0	1187928	39	0	7.6821165	lm
9	Q0	1843532	40	0	7.6821165	lm
9	Q0	4659796	41	0	7.6821165	lm
9	Q0	1355464	42	0	7.6468687	lm
9	Q0	4446062	43	0	7.6468687	lm
9	Q0	4454226	44	0	7.6468687	lm
9	Q0	4760564	45	0	7.5560966	lm
9	Q0	397151	46	0	7.5326257	lm
9	Q0	2906743	47	0	7.5326257	lm
9	Q0	2916324	48	0	7.5326257	lm
9	Q0	4934619	49	0	7.5326257	lm
9	Q0	3651885	50	0	7.3924646	lm
9	Q0	3580184	51	0	7.3878446	lm
9	Q0	1904224	52	0	7.24861	lm
9	Q0	4686630	53	0	7.24861	lm
9	Q0	5051228	54	0	7.24861	lm
9	Q0	191172	55	0	7.204009	lm
9	Q0	566608	56	0	7.204009	lm
9	Q0	829251	57	0	7.204009	lm
9	Q0	1393749	58	0	7.204009	lm
9	Q0	2364745	59	0	7.204009	lm
9	Q0	2662448	60	0	7.204009	lm
9	Q0	3863547	61	0	7.204009	lm
9	Q0	5089962	62	0	7.204009	lm
9	Q0	5074604	63	0	7.204009	lm
9	Q0	5273213	64	0	7.1797037	lm
9	Q0	217624	65	0	7.123861	lm
9	Q0	217625	66	0	7.123861	lm
9	Q0	878445	67	0	7.123861	lm
9	Q0	832913	68	0	7.123861	lm
9	Q0	2106251	69	0	7.123861	lm
9	Q0	1770339	70	0	7.123861	lm
9	Q0	3329244	71	0	7.123861	lm
9	Q0	3893007	72	0	7.123861	lm
9	Q0	4014384	73	0	7.123861	lm
9	Q0	4615646	74	0	7.123861	lm
9	Q0	3789693	75	0	7.0181627	lm
9	Q0	2836697	76	0	6.9980707	lm
9	Q0	2089100	77	0	6.9852333	lm
9	Q0	2793076	78	0	6.9852333	lm
9	Q0	2701633	79	0	6.9852333	lm
9	Q0	3248209	80	0	6.9852333	lm
9	Q0	3752338	81	0	6.9852333	lm
9	Q0	4317665	82	0	6.9852333	lm
9	Q0	3960114	83	0	6.9852333	lm
9	Q0	188372	84	0	6.9514303	lm
9	Q0	52355	85	0	6.9514303	lm
9	Q0	165772	86	0	6.9514303	lm
9	Q0	778906	87	0	6.9514303	lm
9	Q0	512796	88	0	6.9514303	lm
9	Q0	1418086	89	0	6.9514303	lm
9	Q0	1257564	90	0	6.9514303	lm
9	Q0	1471378	91	0	6.9514303	lm
9	Q0	1330468	92	0	6.9514303	lm
9	Q0	2340119	93	0	6.9514303	lm
9	Q0	3598580	94	0	6.9514303	lm
9	Q0	4109558	95	0	6.9514303	lm
9	Q0	3970426	96	0	6.9514303	lm
9	Q0	4637140	97	0	6.9514303	lm
9	Q0	4518233	98	0	6.9514303	lm
9	Q0	4537539	99	0	6.9514303	lm
9	Q0	4953953	100	0	6.9514303	lm
10	Q0	5220688	1	0	11.087218	lm
10	Q0	5287152	2	0	11.087218	lm
10	Q0	4847870	3	0	10.325161	lm
10	Q0	32	4	0	9.768953	lm
10	Q0	2609744	5	0	9.768953	lm
10	Q0	2611206	6	0	9.768953	lm
10	Q0	2798835	7	0	9.583557	lm
10	Q0	1307341	8	0	9.1287985	lm
10	Q0	3263631	9	0	9.1287985	lm
10	Q0	4175332	10	0	9.1287985	lm
10	Q0	4737509	11	0	9.1287985	lm
10	Q0	4868529	12	0	9.1287985	lm
10	Q0	1731497	13	0	8.962265	lm
10	Q0	5302194	14	0	8.916088	lm
10	Q0	3555466	15	0	8.864685	lm
10	Q0	3396832	16	0	8.864685	lm
10	Q0	4324012	17	0	8.864685	lm
10	Q0	5288842	18	0	8.864685	lm
10	Q0	4081830	19	0	8.614071	lm
10	Q0	2692097	20	0	8.521957	lm
10	Q0	4261648	21	0	8.521957	lm
10	Q0	1307264	22	0	8.373743	lm
10	Q0	4472765	23	0	8.3551035	lm
10	Q0	930849	24	0	8.331844	lm
10	Q0	1485653	25	0	8.331844	lm
10	Q0	1922050	26	0	8.331844	lm
10	Q0	2834951	27	0	8.331844	lm
10	Q0	4749689	28	0	8.291197	lm
10	Q0	3572686	29	0	8.0743475	lm
10	Q0	9370	30	0	8.067525	lm
10	Q0	2156444	31	0	8.067525	lm
10	Q0	1601362	32	0	7.988497	lm
10	Q0	4248130	33	0	7.9290857	lm
10	Q0	1996916	34	0	7.849558	lm
10	Q0	4769492	35	0	7.81946	lm
10	Q0	1410260	36	0	7.640984	lm
10	Q0	4318566	37	0	7.640984	lm
10	Q0	3723499	38	0	7.5913024	lm
10	Q0	344968	39	0	7.5566893	lm
10	Q0	1397943	40	0	7.5566893	lm
10	Q0	1673742	41	0	7.5566893	lm
10	Q0	2946932	42	0	7.5566893	lm
10	Q0	4492920	43	0	7.5566893	lm
10	Q0	3227323	44	0	7.476612	lm
10	Q0	3545861	45	0	7.476612	lm
10	Q0	4928956	46	0	7.433762	lm
10	Q0	3747201	47	0	7.401738	lm
10	Q0	3634917	48	0	7.373085	lm
10	Q0	3065657	49	0	7.3664455	lm
10	Q0	431057	50	0	7.3333964	lm
10	Q0	2263849	51	0	7.253219	lm
10	Q0	237451	52	0	7.159067	lm
10	Q0	554981	53	0	7.159067	lm
10	Q0	670832	54	0	7.159067	lm
10	Q0	5232519	55	0	7.159067	lm
10	Q0	103722	56	0	7.123335	lm
10	Q0	2983796	57	0	7.123335	lm
10	Q0	1697065	58	0	7.117717	lm
10	Q0	3193316	59	0	7.1107273	lm
10	Q0	3387182	60	0	7.1107273	lm
10	Q0	3722420	61	0	7.1107273	lm
10	Q0	4964537	62	0	7.1107273	lm
10	Q0	556286	63	0	7.0385494	lm
10	Q0	40802	64	0	7.0385494	lm
10	Q0	2104035	65	0	7.0385494	lm
10	Q0	1993214	66	0	7.0385494	lm
10	Q0	2080382	67	0	6.974831	lm
10	Q0	1710822	68	0	6.974831	lm
10	Q0	1536572	69	0	6.974831	lm
10	Q0	1545508	70	0	6.974831	lm
10	Q0	3289533	71	0	6.974831	lm
10	Q0	3446314	72	0	6.974831	lm
10	Q0	4116752	73	0	6.974831	lm
10	Q0	4417767	74	0	6.974831	lm
10	Q0	3263575	75	0	6.973892	lm
10	Q0	3056969	76	0	6.963046	lm
10	Q0	202786	77	0	6.8681636	lm
10	Q0	717257	78	0	6.8681636	lm
10	Q0	3100029	79	0	6.8681636	lm
10	Q0	4247502	80	0	6.8681636	lm
10	Q0	4616991	81	0	6.8681636	lm
10	Q0	4374772	82	0	6.8681636	lm
10	Q0	3241910	83	0	6.7935314	lm
10	Q0	4983113	84	0	6.7419543	lm
10	Q0	730263	85	0	6.7272387	lm
10	Q0	861731	86	0	6.720765	lm
10	Q0	4488572	87	0	6.716987	lm
10	Q0	2384859	88	0	6.7001004	lm
10	Q0	3192420	89	0	6.7001004	lm
10	Q0	159056	90	0	6.6713724	lm
10	Q0	2233523	91	0	6.6643953	lm
10	Q0	1119855	92	0	6.6643953	lm
10	Q0	1930724	93	0	6.6643953	lm
10	Q0	3240329	94	0	6.6643953	lm
10	Q0	408638	95	0	6.635517	lm
10	Q0	164837	96	0	6.635517	lm
10	Q0	858884	97	0	6.635517	lm
10	Q0	2079028	98	0	6.635517	lm
10	Q0	1159471	99	0	6.635517	lm
10	Q0	2478267	100	0	6.635517	lm
11	Q0	863019	1	0	17.69117	lm
11	Q0	662085	2	0	17.69117	lm
11	Q0	2428781	3	0	17.69117	lm
11	Q0	1184608	4	0	17.69117	lm
11	Q0	3441562	5	0	17.69117	lm
11	Q0	3459334	6	0	17.69117	lm
11	Q0	2412328	7	0	15.57312	lm
11	Q0	2413237	8	0	15.57312	lm
11	Q0	4237840	9	0	15.57312	lm
11	Q0	3855215	10	0	15.57312	lm
11	Q0	4959773	11	0	15.57312	lm
11	Q0	154872	12	0	14.436756	lm
11	Q0	387722	13	0	13.991318	lm
11	Q0	3283876	14	0	13.174125	lm
11	Q0	2520098	15	0	13.017765	lm
11	Q0	2697388	16	0	12.217209	lm
11	Q0	3110950	17	0	10.581024	lm
11	Q0	3759522	18	0	10.170655	lm
11	Q0	1827520	19	0	10.029186	lm
11	Q0	3773621	20	0	9.717399	lm
11	Q0	1609224	21	0	9.691988	lm
11	Q0	3500791	22	0	9.691988	lm
11	Q0	3851487	23	0	9.691988	lm
11	Q0	5023748	24	0	9.687586	lm
11	Q0	1640395	25	0	9.678009	lm
11	Q0	4935742	26	0	9.667872	lm
11	Q0	1990947	27	0	9.610426	lm
11	Q0	2057597	28	0	9.577396	lm
11	Q0	500954	29	0	9.3528	lm
11	Q0	4683257	30	0	9.3528	lm
11	Q0	4618409	31	0	9.3528	lm
11	Q0	5376038	32	0	9.3528	lm
11	Q0	465955	33	0	9.339832	lm
11	Q0	1697945	34	0	9.339832	lm
11	Q0	4154590	35	0	9.339832	lm
11	Q0	4301086	36	0	9.339832	lm
11	Q0	3954385	37	0	9.339832	lm
11	Q0	4958967	38	0	9.261026	lm
11	Q0	2161461	39	0	9.103373	lm
11	Q0	3805410	40	0	9.103373	lm
11	Q0	4272888	41	0	9.103373	lm
11	Q0	3771390	42	0	9.01237	lm
11	Q0	1880882	43	0	8.974756	lm
11	Q0	4237758	44	0	8.9229145	lm
11	Q0	477991	45	0	8.8694515	lm
11	Q0	1656832	46	0	8.814496	lm
11	Q0	4859879	47	0	8.759382	lm
11	Q0	4968050	48	0	8.759382	lm
11	Q0	2273253	49	0	8.707092	lm
11	Q0	4015243	50	0	8.707092	lm
11	Q0	3288775	51	0	8.653636	lm
11	Q0	3200117	52	0	8.653636	lm
11	Q0	4034189	53	0	8.653636	lm
11	Q0	2350731	54	0	8.622965	lm
11	Q0	5272729	55	0	8.611333	lm
11	Q0	408085	56	0	8.551254	lm
11	Q0	3865245	57	0	8.490045	lm
11	Q0	2988172	58	0	8.446728	lm
11	Q0	4375581	59	0	8.402966	lm
11	Q0	1209436	60	0	8.3706875	lm
11	Q0	5300369	61	0	8.3706875	lm
11	Q0	3621478	62	0	8.295078	lm
11	Q0	1538205	63	0	8.28828	lm
11	Q0	3394740	64	0	8.265823	lm
11	Q0	621739	65	0	8.236776	lm
11	Q0	4811767	66	0	8.236776	lm
11	Q0	4286694	67	0	8.197585	lm
11	Q0	4708614	68	0	8.197585	lm
11	Q0	4408165	69	0	8.166407	lm
11	Q0	2396817	70	0	8.155061	lm
11	Q0	2361225	71	0	8.155061	lm
11	Q0	3361479	72	0	8.154643	lm
11	Q0	1424779	73	0	8.137782	lm
11	Q0	1872065	74	0	8.137782	lm
11	Q0	2926221	75	0	8.0414295	lm
11	Q0	2624620	76	0	8.025375	lm
11	Q0	4877294	77	0	8.017544	lm
11	Q0	128911	78	0	7.980121	lm
11	Q0	993537	79	0	7.980121	lm
11	Q0	3802581	80	0	7.980121	lm
11	Q0	3383497	81	0	7.980121	lm
11	Q0	1393054	82	0	7.9171004	lm
11	Q0	4476267	83	0	7.9048824	lm
11	Q0	431697	84	0	7.871428	lm
11	Q0	1566702	85	0	7.837618	lm
11	Q0	1314584	86	0	7.796638	lm
11	Q0	3797691	87	0	7.787594	lm
11	Q0	2920256	88	0	7.785969	lm
11	Q0	4100101	89	0	7.785969	lm
11	Q0	3801073	90	0	7.731119	lm
11	Q0	2869975	91	0	7.6546593	lm
11	Q0	1704759	92	0	7.6313663	lm
11	Q0	4386803	93	0	7.6156464	lm
11	Q0	2463810	94	0	7.612256	lm
11	Q0	3111989	95	0	7.612256	lm
11	Q0	4067541	96	0	7.612256	lm
11	Q0	2703911	97	0	7.598282	lm
11	Q0	5398730	98	0	7.5790095	lm
11	Q0	2243413	99	0	7.56836	lm
11	Q0	2688771	100	0	7.56836	lm
12	Q0	2653307	1	0	13.5437	lm
12	Q0	3023079	2	0	13.5437	lm
12	Q0	209917	3	0	12.080896	lm
12	Q0	859923	4	0	10.535722	lm
12	Q0	5220356	5	0	10.02219	lm
12	Q0	4909526	6	0	9.986799	lm
12	Q0	3685294	7	0	9.975727	lm
12	Q0	737149	8	0	9.597203	lm
12	Q0	1154074	9	0	9.597203	lm
12	Q0	3057323	10	0	9.582543	lm
12	Q0	3211013	11	0	9.582543	lm
12	Q0	3497144	12	0	9.582543	lm
12	Q0	3216809	13	0	9.227556	lm
12	Q0	4189678	14	0	9.227556	lm
12	Q0	4822748	15	0	9.052366	lm
12	Q0	182746	16	0	8.806087	lm
12	Q0	968916	17	0	8.806087	lm
12	Q0	3819979	18	0	8.806087	lm
12	Q0	3522605	19	0	8.739977	lm
12	Q0	2893544	20	0	8.711183	lm
12	Q0	50316	21	0	8.704528	lm
12	Q0	4598743	22	0	8.69668	lm
12	Q0	325847	23	0	8.574246	lm
12	Q0	558324	24	0	8.574246	lm
12	Q0	2469517	25	0	8.547233	lm
12	Q0	1308865	26	0	8.547233	lm
12	Q0	4227605	27	0	8.547233	lm
12	Q0	4293782	28	0	8.547233	lm
12	Q0	5305753	29	0	8.547233	lm
12	Q0	3655725	30	0	8.521488	lm
12	Q0	4678381	31	0	8.496884	lm
12	Q0	5160671	32	0	8.496884	lm
12	Q0	4904718	33	0	8.487232	lm
12	Q0	5130304	34	0	8.424909	lm
12	Q0	4650305	35	0	8.400449	lm
12	Q0	1987325	36	0	8.37195	lm
12	Q0	1306114	37	0	8.363055	lm
12	Q0	1854953	38	0	8.363055	lm
12	Q0	5110472	39	0	8.363055	lm
12	Q0	1692638	40	0	8.32014	lm
12	Q0	1230402	41	0	8.252865	lm
12	Q0	3925047	42	0	8.252865	lm
12	Q0	2592552	43	0	8.201008	lm
12	Q0	3524516	44	0	8.072493	lm
12	Q0	3511765	45	0	7.903656	lm
12	Q0	2775265	46	0	7.8015375	lm
12	Q0	1435615	47	0	7.79753	lm
12	Q0	2211353	48	0	7.7917614	lm
12	Q0	3670924	49	0	7.7369556	lm
12	Q0	3515428	50	0	7.7369556	lm
12	Q0	4469723	51	0	7.704529	lm
12	Q0	2722482	52	0	7.663539	lm
12	Q0	3301431	53	0	7.595017	lm
12	Q0	3507755	54	0	7.595017	lm
12	Q0	3916435	55	0	7.595017	lm
12	Q0	1038224	56	0	7.5592594	lm
12	Q0	2402698	57	0	7.4278975	lm
12	Q0	3103942	58	0	7.410763	lm
12	Q0	2202960	59	0	7.3958325	lm
12	Q0	3767322	60	0	7.3958325	lm
12	Q0	3096066	61	0	7.3904533	lm
12	Q0	1681436	62	0	7.3750114	lm
12	Q0	211006	63	0	7.3025885	lm
12	Q0	748704	64	0	7.3025885	lm
12	Q0	1527915	65	0	7.3025885	lm
12	Q0	2863132	66	0	7.3025885	lm
12	Q0	2948269	67	0	7.3025885	lm
12	Q0	4148308	68	0	7.3025885	lm
12	Q0	4296134	69	0	7.3025885	lm
12	Q0	4632112	70	0	7.3025885	lm
12	Q0	4361612	71	0	7.3025885	lm
12	Q0	2016618	72	0	7.240506	lm
12	Q0	1376873	73	0	7.2308874	lm
12	Q0	2999494	74	0	7.213757	lm
12	Q0	1232063	75	0	7.2132277	lm
12	Q0	1679431	76	0	7.2132277	lm
12	Q0	4546304	77	0	7.206313	lm
12	Q0	5083435	78	0	7.206313	lm
12	Q0	957268	79	0	7.1859145	lm
12	Q0	3827632	80	0	7.167392	lm
12	Q0	3559721	81	0	7.167392	lm
12	Q0	2133148	82	0	7.109788	lm
12	Q0	4283860	83	0	7.0779285	lm
12	Q0	2772168	84	0	7.0702953	lm
12	Q0	4865825	85	0	7.0702953	lm
12	Q0	1154061	86	0	7.065428	lm
12	Q0	1224418	87	0	7.0398703	lm
12	Q0	1276635	88	0	7.0398703	lm
12	Q0	1356425	89	0	7.0398703	lm
12	Q0	2643997	90	0	7.0398703	lm
12	Q0	4194490	91	0	7.0398703	lm
12	Q0	4590735	92	0	7.0398703	lm
12	Q0	4526298	93	0	7.0398703	lm
12	Q0	4236392	94	0	7.034995	lm
12	Q0	4633634	95	0	7.020307	lm
12	Q0	2556619	96	0	7.0092115	lm
12	Q0	4362138	97	0	7.0092115	lm
12	Q0	4170336	98	0	6.977367	lm
12	Q0	971863	99	0	6.969404	lm
12	Q0	1261061	100	0	6.969404	lm
13	Q0	3715086	1	0	21.909046	lm
13	Q0	4781062	2	0	21.909046	lm
13	Q0	5381816	3	0	21.318707	lm
13	Q0	5262539	4	0	20.672495	lm
13	Q0	1992239	5	0	20.10938	lm
13	Q0	3010663	6	0	20.007668	lm
13	Q0	2329260	7	0	18.532482	lm
13	Q0	4543395	8	0	18.246138	lm
13	Q0	4543749	9	0	18.246138	lm
13	Q0	4095129	10	0	17.64833	lm
13	Q0	2825645	11	0	17.506258	lm
13	Q0	3010437	12	0	16.599098	lm
13	Q0	4618321	13	0	16.247955	lm
13	Q0	1944606	14	0	14.438871	lm
13	Q0	3616848	15	0	14.438871	lm
13	Q0	485735	16	0	13.002293	lm
13	Q0	3875522	17	0	12.695446	lm
13	Q0	2756940	18	0	11.082888	lm
13	Q0	4454222	19	0	11.082888	lm
13	Q0	1032536	20	0	10.830351	lm
13	Q0	3669859	21	0	10.174072	lm
13	Q0	3150294	22	0	10.174072	lm
13	Q0	4742304	23	0	10.174072	lm
13	Q0	1698901	24	0	9.833253	lm
13	Q0	3769498	25	0	9.667145	lm
13	Q0	1544961	26	0	9.5297365	lm
13	Q0	5182047	27	0	9.5297365	lm
13	Q0	3150966	28	0	9.43723	lm
13	Q0	2248294	29	0	9.369349	lm
13	Q0	1521763	30	0	9.369349	lm
13	Q0	818612	31	0	9.292504	lm
13	Q0	1045558	32	0	9.292504	lm
13	Q0	519802	33	0	9.227289	lm
13	Q0	873962	34	0	9.157667	lm
13	Q0	2095874	35	0	8.976938	lm
13	Q0	3277616	36	0	8.976938	lm
13	Q0	4721421	37	0	8.976938	lm
13	Q0	2101601	38	0	8.917362	lm
13	Q0	1836023	39	0	8.830557	lm
13	Q0	413987	40	0	8.735583	lm
13	Q0	2288216	41	0	8.735583	lm
13	Q0	1761871	42	0	8.735583	lm
13	Q0	2788503	43	0	8.735583	lm
13	Q0	2686772	44	0	8.735583	lm
13	Q0	2272435	45	0	8.677981	lm
13	Q0	422090	46	0	8.667615	lm
13	Q0	4877633	47	0	8.667615	lm
13	Q0	4932959	48	0	8.667615	lm
13	Q0	962239	49	0	8.659052	lm
13	Q0	1492007	50	0	8.653457	lm
13	Q0	4400741	51	0	8.653457	lm
13	Q0	670183	52	0	8.618645	lm
13	Q0	1360804	53	0	8.592733	lm
13	Q0	4530777	54	0	8.592733	lm
13	Q0	717934	55	0	8.5899725	lm
13	Q0	1434000	56	0	8.5899725	lm
13	Q0	561696	57	0	8.549197	lm
13	Q0	837190	58	0	8.548478	lm
13	Q0	2417815	59	0	8.548478	lm
13	Q0	1652538	60	0	8.548478	lm
13	Q0	2315213	61	0	8.404874	lm
13	Q0	2741078	62	0	8.376015	lm
13	Q0	4132948	63	0	8.376015	lm
13	Q0	4678213	64	0	8.376015	lm
13	Q0	4338268	65	0	8.376015	lm
13	Q0	5170611	66	0	8.376015	lm
13	Q0	1096894	67	0	8.36994	lm
13	Q0	2862762	68	0	8.36994	lm
13	Q0	4486878	69	0	8.36994	lm
13	Q0	5041484	70	0	8.36994	lm
13	Q0	995843	71	0	8.363682	lm
13	Q0	1220437	72	0	8.350826	lm
13	Q0	5042679	73	0	8.350826	lm
13	Q0	5085278	74	0	8.303703	lm
13	Q0	3830111	75	0	8.262474	lm
13	Q0	5022312	76	0	8.259608	lm
13	Q0	4503213	77	0	8.231621	lm
13	Q0	2546862	78	0	8.115736	lm
13	Q0	3965908	79	0	8.115736	lm
13	Q0	4065033	80	0	8.047708	lm
13	Q0	833341	81	0	7.9889956	lm
13	Q0	899991	82	0	7.8935204	lm
13	Q0	4799569	83	0	7.8607755	lm
13	Q0	2427850	84	0	7.855212	lm
13	Q0	2904671	85	0	7.855212	lm
13	Q0	3535669	86	0	7.855212	lm
13	Q0	4194000	87	0	7.855212	lm
13	Q0	5273645	88	0	7.855212	lm
13	Q0	1937382	89	0	7.851248	lm
13	Q0	417649	90	0	7.846018	lm
13	Q0	3680975	91	0	7.833022	lm
13	Q0	593035	92	0	7.8127384	lm
13	Q0	4990622	93	0	7.8127384	lm
13	Q0	2278848	94	0	7.7751064	lm
13	Q0	1486580	95	0	7.7751064	lm
13	Q0	3375002	96	0	7.7751064	lm
13	Q0	1290707	97	0	7.742764	lm
13	Q0	3038778	98	0	7.742764	lm
13	Q0	3697915	99	0	7.742764	lm
13	Q0	2504593	100	0	7.7364364	lm
14	Q0	4867221	1	0	13.750768	lm
14	Q0	2798280	2	0	11.681359	lm
14	Q0	4199848	3	0	11.681359	lm
14	Q0	5085349	4	0	11.681359	lm
14	Q0	1006928	5	0	11.567712	lm
14	Q0	2588595	6	0	11.567712	lm
14	Q0	4741091	7	0	11.567712	lm
14	Q0	2744067	8	0	10.678774	lm
14	Q0	1595156	9	0	10.225279	lm
14	Q0	2876061	10	0	10.225279	lm
14	Q0	3832388	11	0	10.225279	lm
14	Q0	5108108	12	0	10.225279	lm
14	Q0	1511042	13	0	10.201901	lm
14	Q0	2502524	14	0	10.201901	lm
14	Q0	2139807	15	0	10.201901	lm
14	Q0	2703968	16	0	10.201901	lm
14	Q0	5361549	17	0	10.201901	lm
14	Q0	382699	18	0	10.159287	lm
14	Q0	1000643	19	0	10.159287	lm
14	Q0	505950	20	0	10.159287	lm
14	Q0	3191721	21	0	10.159287	lm
14	Q0	3725695	22	0	10.159287	lm
14	Q0	3951846	23	0	10.159287	lm
14	Q0	691123	24	0	9.991333	lm
14	Q0	2456767	25	0	9.991333	lm
14	Q0	2238221	26	0	9.991333	lm
14	Q0	2540996	27	0	9.991333	lm
14	Q0	5094451	28	0	9.938641	lm
14	Q0	4204398	29	0	9.904031	lm
14	Q0	1474970	30	0	9.903936	lm
14	Q0	1311936	31	0	9.903936	lm
14	Q0	1281472	32	0	9.790007	lm
14	Q0	1218570	33	0	9.704358	lm
14	Q0	3672953	34	0	9.704358	lm
14	Q0	2650961	35	0	9.686798	lm
14	Q0	4285990	36	0	9.539395	lm
14	Q0	2014261	37	0	9.277975	lm
14	Q0	3956684	38	0	9.277975	lm
14	Q0	2439789	39	0	9.192698	lm
14	Q0	2523234	40	0	9.18877	lm
14	Q0	1446694	41	0	9.127833	lm
14	Q0	2109868	42	0	9.113272	lm
14	Q0	2446015	43	0	9.034431	lm
14	Q0	1363049	44	0	9.02729	lm
14	Q0	2573647	45	0	9.02729	lm
14	Q0	3196181	46	0	9.02729	lm
14	Q0	3919450	47	0	9.02729	lm
14	Q0	1702819	48	0	9.025246	lm
14	Q0	3176865	49	0	9.025246	lm
14	Q0	4203077	50	0	8.984794	lm
14	Q0	1736989	51	0	8.972547	lm
14	Q0	1741836	52	0	8.972547	lm
14	Q0	1774779	53	0	8.972547	lm
14	Q0	2537245	54	0	8.972547	lm
14	Q0	3798887	55	0	8.972547	lm
14	Q0	4316126	56	0	8.972547	lm
14	Q0	4475085	57	0	8.972547	lm
14	Q0	798175	58	0	8.937367	lm
14	Q0	4359494	59	0	8.924755	lm
14	Q0	3634625	60	0	8.916638	lm
14	Q0	1395805	61	0	8.895064	lm
14	Q0	3377042	62	0	8.872753	lm
14	Q0	4638086	63	0	8.791782	lm
14	Q0	3259650	64	0	8.723086	lm
14	Q0	4135209	65	0	8.723086	lm
14	Q0	887648	66	0	8.707702	lm
14	Q0	4720304	67	0	8.704927	lm
14	Q0	4798357	68	0	8.704927	lm
14	Q0	27458	69	0	8.646627	lm
14	Q0	5367221	70	0	8.632952	lm
14	Q0	4978608	71	0	8.614761	lm
14	Q0	211966	72	0	8.602215	lm
14	Q0	2922297	73	0	8.592888	lm
14	Q0	1299235	74	0	8.585243	lm
14	Q0	5036417	75	0	8.571339	lm
14	Q0	115715	76	0	8.560571	lm
14	Q0	789056	77	0	8.560571	lm
14	Q0	1863504	78	0	8.560571	lm
14	Q0	2866792	79	0	8.560571	lm
14	Q0	2545198	80	0	8.560571	lm
14	Q0	4914811	81	0	8.560571	lm
14	Q0	341639	82	0	8.531323	lm
14	Q0	691048	83	0	8.531323	lm
14	Q0	2070560	84	0	8.531323	lm
14	Q0	1403670	85	0	8.531323	lm
14	Q0	4017865	86	0	8.531323	lm
14	Q0	5360521	87	0	8.531323	lm
14	Q0	5313083	88	0	8.503685	lm
14	Q0	1398319	89	0	8.469384	lm
14	Q0	1024689	90	0	8.467584	lm
14	Q0	843124	91	0	8.403859	lm
14	Q0	1491468	92	0	8.403859	lm
14	Q0	1071291	93	0	8.403859	lm
14	Q0	3335598	94	0	8.403859	lm
14	Q0	4329028	95	0	8.403859	lm
14	Q0	5055701	96	0	8.403859	lm
14	Q0	105643	97	0	8.403227	lm
14	Q0	3298633	98	0	8.400187	lm
14	Q0	1588408	99	0	8.325023	lm
14	Q0	141261	100	0	8.286484	lm
15	Q0	12528	1	0	23.948181	lm
15	Q0	2091620	2	0	18.962946	lm
15	Q0	4041240	3	0	18.962946	lm
15	Q0	222509	4	0	18.426987	lm
15	Q0	2295164	5	0	18.426987	lm
15	Q0	1822706	6	0	18.426987	lm
15	Q0	3618493	7	0	18.426987	lm
15	Q0	3633930	8	0	18.426987	lm
15	Q0	5005497	9	0	18.426987	lm
15	Q0	3473538	10	0	18.320612	lm
15	Q0	459432	11	0	16.772388	lm
15	Q0	3737680	12	0	14.344026	lm
15	Q0	1247988	13	0	13.888973	lm
15	Q0	2092955	14	0	13.362392	lm
15	Q0	1297853	15	0	13.362392	lm
15	Q0	1844976	16	0	13.362392	lm
15	Q0	2576496	17	0	13.362392	lm
15	Q0	4746303	18	0	13.362392	lm
15	Q0	4659093	19	0	13.362392	lm
15	Q0	798221	20	0	12.391354	lm
15	Q0	654672	21	0	12.391354	lm
15	Q0	1215472	22	0	12.391354	lm
15	Q0	2662589	23	0	12.391354	lm
15	Q0	2981116	24	0	12.391354	lm
15	Q0	3439291	25	0	12.391354	lm
15	Q0	462560	26	0	12.068091	lm
15	Q0	2190813	27	0	12.068091	lm
15	Q0	2006996	28	0	12.068091	lm
15	Q0	212911	29	0	11.9569025	lm
15	Q0	319165	30	0	11.9569025	lm
15	Q0	533919	31	0	11.9569025	lm
15	Q0	858152	32	0	11.9569025	lm
15	Q0	952801	33	0	11.9569025	lm
15	Q0	914489	34	0	11.9569025	lm
15	Q0	1133520	35	0	11.9569025	lm
15	Q0	1773627	36	0	11.9569025	lm
15	Q0	3329756	37	0	11.9569025	lm
15	Q0	3347766	38	0	11.9569025	lm
15	Q0	3255560	39	0	11.9569025	lm
15	Q0	3275905	40	0	11.9569025	lm
15	Q0	2952093	41	0	11.9569025	lm
15	Q0	4075773	42	0	11.9569025	lm
15	Q0	4077390	43	0	11.9569025	lm
15	Q0	4738759	44	0	11.9569025	lm
15	Q0	4752979	45	0	11.9569025	lm
15	Q0	4763375	46	0	11.9569025	lm
15	Q0	4877385	47	0	11.9569025	lm
15	Q0	4936100	48	0	11.9569025	lm
15	Q0	5280120	49	0	11.9569025	lm
15	Q0	5400013	50	0	11.9569025	lm
15	Q0	3498227	51	0	11.838221	lm
15	Q0	978628	52	0	11.809036	lm
15	Q0	3671944	53	0	11.809036	lm
15	Q0	75155	54	0	11.551885	lm
15	Q0	868838	55	0	11.551885	lm
15	Q0	591213	56	0	11.551885	lm
15	Q0	2280467	57	0	11.551885	lm
15	Q0	2382160	58	0	11.551885	lm
15	Q0	2214968	59	0	11.551885	lm
15	Q0	1519670	60	0	11.551885	lm
15	Q0	1974391	61	0	11.551885	lm
15	Q0	1993860	62	0	11.551885	lm
15	Q0	1689701	63	0	11.551885	lm
15	Q0	2760296	64	0	11.551885	lm
15	Q0	2589670	65	0	11.551885	lm
15	Q0	2629459	66	0	11.551885	lm
15	Q0	2673393	67	0	11.551885	lm
15	Q0	3322247	68	0	11.551885	lm
15	Q0	4267941	69	0	11.551885	lm
15	Q0	3832385	70	0	11.409027	lm
15	Q0	693847	71	0	11.316439	lm
15	Q0	2012143	72	0	11.316439	lm
15	Q0	1156282	73	0	11.316439	lm
15	Q0	783699	74	0	11.173405	lm
15	Q0	785012	75	0	11.173405	lm
15	Q0	708814	76	0	11.173405	lm
15	Q0	1082354	77	0	11.173405	lm
15	Q0	2858665	78	0	11.173405	lm
15	Q0	2968530	79	0	11.173405	lm
15	Q0	4242000	80	0	11.173405	lm
15	Q0	4568156	81	0	11.035228	lm
15	Q0	227720	82	0	10.818939	lm
15	Q0	403199	83	0	10.818939	lm
15	Q0	114529	84	0	10.818939	lm
15	Q0	678980	85	0	10.818939	lm
15	Q0	2158703	86	0	10.818939	lm
15	Q0	3021274	87	0	10.818939	lm
15	Q0	3887336	88	0	10.818939	lm
15	Q0	4319671	89	0	10.818939	lm
15	Q0	5112107	90	0	10.818939	lm
15	Q0	5393262	91	0	10.818939	lm
15	Q0	926636	92	0	10.6902275	lm
15	Q0	737503	93	0	10.6902275	lm
15	Q0	3028338	94	0	10.662566	lm
15	Q0	3201738	95	0	10.486273	lm
15	Q0	3179309	96	0	10.486273	lm
15	Q0	1818413	97	0	10.356592	lm
15	Q0	3407040	98	0	10.356592	lm
15	Q0	314268	99	0	10.214546	lm
15	Q0	3601772	100	0	10.214546	lm
16	Q0	934104	1	0	12.469062	lm
16	Q0	3957970	2	0	12.469062	lm
16	Q0	4795811	3	0	12.469062	lm
16	Q0	441517	4	0	10.396855	lm
16	Q0	3287330	5	0	9.84584	lm
16	Q0	5100846	6	0	9.84584	lm
16	Q0	56	7	0	9.757303	lm
16	Q0	3377518	8	0	9.757303	lm
16	Q0	3377519	9	0	9.757303	lm
16	Q0	1789984	10	0	9.339037	lm
16	Q0	3833417	11	0	9.339037	lm
16	Q0	3266654	12	0	9.242614	lm
16	Q0	3127859	13	0	9.242614	lm
16	Q0	4023783	14	0	9.242614	lm
16	Q0	1425577	15	0	9.16067	lm
16	Q0	1956429	16	0	9.16067	lm
16	Q0	3673238	17	0	9.16067	lm
16	Q0	1185025	18	0	9.064399	lm
16	Q0	4880625	19	0	8.963731	lm
16	Q0	1225571	20	0	8.962265	lm
16	Q0	1482862	21	0	8.962265	lm
16	Q0	1626161	22	0	8.962265	lm
16	Q0	2506681	23	0	8.962265	lm
16	Q0	2705300	24	0	8.953556	lm
16	Q0	4546809	25	0	8.953556	lm
16	Q0	106313	26	0	8.925453	lm
16	Q0	4377948	27	0	8.925453	lm
16	Q0	2140780	28	0	8.7893505	lm
16	Q0	1840522	29	0	8.771444	lm
16	Q0	3874884	30	0	8.767951	lm
16	Q0	3771701	31	0	8.716057	lm
16	Q0	4165532	32	0	8.70731	lm
16	Q0	801473	33	0	8.631023	lm
16	Q0	1016796	34	0	8.624515	lm
16	Q0	1472560	35	0	8.624515	lm
16	Q0	1491427	36	0	8.624515	lm
16	Q0	1714348	37	0	8.624515	lm
16	Q0	1649313	38	0	8.624515	lm
16	Q0	641940	39	0	8.54933	lm
16	Q0	3344366	40	0	8.54933	lm
16	Q0	4762505	41	0	8.54933	lm
16	Q0	4790782	42	0	8.54933	lm
16	Q0	1565555	43	0	8.524523	lm
16	Q0	241829	44	0	8.484515	lm
16	Q0	3141354	45	0	8.456312	lm
16	Q0	212455	46	0	8.408363	lm
16	Q0	2024799	47	0	8.390931	lm
16	Q0	399191	48	0	8.346985	lm
16	Q0	1757757	49	0	8.346985	lm
16	Q0	4744514	50	0	8.346985	lm
16	Q0	5242993	51	0	8.346985	lm
16	Q0	91349	52	0	8.338348	lm
16	Q0	3764207	53	0	8.338348	lm
16	Q0	4223332	54	0	8.338348	lm
16	Q0	2660298	55	0	8.314893	lm
16	Q0	2320688	56	0	8.180043	lm
16	Q0	3596375	57	0	8.180043	lm
16	Q0	1535365	58	0	8.141857	lm
16	Q0	1175542	59	0	8.13753	lm
16	Q0	1976978	60	0	8.13753	lm
16	Q0	4987334	61	0	8.13753	lm
16	Q0	5360097	62	0	8.13753	lm
16	Q0	794384	63	0	8.115761	lm
16	Q0	1578818	64	0	8.115761	lm
16	Q0	2790970	65	0	8.115761	lm
16	Q0	2893412	66	0	8.115761	lm
16	Q0	2370925	67	0	8.115761	lm
16	Q0	3859959	68	0	8.115761	lm
16	Q0	863174	69	0	8.080033	lm
16	Q0	180807	70	0	8.076696	lm
16	Q0	1077742	71	0	8.076696	lm
16	Q0	1569828	72	0	8.076696	lm
16	Q0	4934301	73	0	8.076696	lm
16	Q0	193358	74	0	8.073509	lm
16	Q0	382768	75	0	8.073509	lm
16	Q0	403646	76	0	8.073509	lm
16	Q0	114161	77	0	8.073509	lm
16	Q0	502526	78	0	8.073509	lm
16	Q0	2303895	79	0	8.073509	lm
16	Q0	2193142	80	0	8.073509	lm
16	Q0	1214288	81	0	8.073509	lm
16	Q0	1449032	82	0	8.073509	lm
16	Q0	1053554	83	0	8.073509	lm
16	Q0	1666643	84	0	8.073509	lm
16	Q0	1685889	85	0	8.073509	lm
16	Q0	1902592	86	0	8.073509	lm
16	Q0	2837363	87	0	8.073509	lm
16	Q0	2744286	88	0	8.073509	lm
16	Q0	2345594	89	0	8.073509	lm
16	Q0	3610823	90	0	8.073509	lm
16	Q0	3834276	91	0	8.073509	lm
16	Q0	3681452	92	0	8.073509	lm
16	Q0	3387072	93	0	8.073509	lm
16	Q0	4135657	94	0	8.073509	lm
16	Q0	4136962	95	0	8.073509	lm
16	Q0	4141617	96	0	8.073509	lm
16	Q0	4111953	97	0	8.073509	lm
16	Q0	4488040	98	0	8.073509	lm
16	Q0	4785854	99	0	8.073509	lm
16	Q0	4334692	100	0	8.073509	lm
17	Q0	3098646	1	0	10.30041	lm
17	Q0	2237876	2	0	9.631463	lm
17	Q0	2344428	3	0	9.631463	lm
17	Q0	3428959	4	0	9.631463	lm
17	Q0	4857034	5	0	9.631463	lm
17	Q0	2585380	6	0	9.321114	lm
17	Q0	1951944	7	0	9.254199	lm
17	Q0	4639962	8	0	9.131131	lm
17	Q0	421755	9	0	9.093629	lm
17	Q0	1534764	10	0	9.093629	lm
17	Q0	4246422	11	0	9.093629	lm
17	Q0	2848241	12	0	8.844639	lm
17	Q0	3642337	13	0	8.844639	lm
17	Q0	5013843	14	0	8.844639	lm
17	Q0	4941796	15	0	8.844639	lm
17	Q0	2265796	16	0	8.667501	lm
17	Q0	4930187	17	0	8.65797	lm
17	Q0	290381	18	0	8.608919	lm
17	Q0	894405	19	0	8.608919	lm
17	Q0	489615	20	0	8.608919	lm
17	Q0	1299503	21	0	8.608919	lm
17	Q0	4072588	22	0	8.608919	lm
17	Q0	4397088	23	0	8.608919	lm
17	Q0	4486175	24	0	8.385437	lm
17	Q0	301080	25	0	8.134967	lm
17	Q0	3715199	26	0	8.134967	lm
17	Q0	1189600	27	0	8.099546	lm
17	Q0	5230905	28	0	8.099546	lm
17	Q0	56444	29	0	8.064383	lm
17	Q0	1633154	30	0	8.064383	lm
17	Q0	3362437	31	0	8.064383	lm
17	Q0	2845310	32	0	7.9210396	lm
17	Q0	1296508	33	0	7.873875	lm
17	Q0	2147507	34	0	7.77958	lm
17	Q0	3338482	35	0	7.77958	lm
17	Q0	1866995	36	0	7.62472	lm
17	Q0	4619005	37	0	7.62472	lm
17	Q0	4431403	38	0	7.62472	lm
17	Q0	2130822	39	0	7.6113243	lm
17	Q0	1823690	40	0	7.6113243	lm
17	Q0	4687292	41	0	7.6113243	lm
17	Q0	4921660	42	0	7.5966253	lm
17	Q0	3169331	43	0	7.544815	lm
17	Q0	1037669	44	0	7.51805	lm
17	Q0	2103997	45	0	7.51805	lm
17	Q0	3344447	46	0	7.51805	lm
17	Q0	4410189	47	0	7.51805	lm
17	Q0	332858	48	0	7.5077524	lm
17	Q0	2434449	49	0	7.5077524	lm
17	Q0	2106050	50	0	7.5077524	lm
17	Q0	2175540	51	0	7.5077524	lm
17	Q0	5017412	52	0	7.5077524	lm
17	Q0	2846195	53	0	7.489172	lm
17	Q0	848754	54	0	7.422078	lm
17	Q0	2129355	55	0	7.422078	lm
17	Q0	1932088	56	0	7.422078	lm
17	Q0	2910726	57	0	7.422078	lm
17	Q0	3993869	58	0	7.422078	lm
17	Q0	5263386	59	0	7.422078	lm
17	Q0	190352	60	0	7.366446	lm
17	Q0	1234624	61	0	7.366446	lm
17	Q0	1747165	62	0	7.366446	lm
17	Q0	1785709	63	0	7.366446	lm
17	Q0	2870400	64	0	7.366446	lm
17	Q0	2224757	65	0	7.3080273	lm
17	Q0	4745274	66	0	7.283813	lm
17	Q0	404531	67	0	7.2717333	lm
17	Q0	2781497	68	0	7.2717333	lm
17	Q0	4052329	69	0	7.2717333	lm
17	Q0	791209	70	0	7.2553716	lm
17	Q0	1729649	71	0	7.2553716	lm
17	Q0	5156074	72	0	7.2553716	lm
17	Q0	1020666	73	0	7.244525	lm
17	Q0	1212275	74	0	7.244525	lm
17	Q0	3781028	75	0	7.244525	lm
17	Q0	4577076	76	0	7.244525	lm
17	Q0	4411701	77	0	7.244525	lm
17	Q0	3804639	78	0	7.2355943	lm
17	Q0	3136694	79	0	7.1610637	lm
17	Q0	4670088	80	0	7.1610637	lm
17	Q0	2211184	81	0	7.1250963	lm
17	Q0	2830769	82	0	7.1250963	lm
17	Q0	2477809	83	0	7.1250963	lm
17	Q0	2483090	84	0	7.1250963	lm
17	Q0	3758206	85	0	7.1250963	lm
17	Q0	3538010	86	0	7.1250963	lm
17	Q0	1560847	87	0	7.1051273	lm
17	Q0	128081	88	0	7.0410433	lm
17	Q0	1597180	89	0	7.0410433	lm
17	Q0	2752059	90	0	7.0410433	lm
17	Q0	2542317	91	0	7.0410433	lm
17	Q0	4039770	92	0	7.0410433	lm
17	Q0	4110756	93	0	7.0410433	lm
17	Q0	3994311	94	0	7.0410433	lm
17	Q0	4600795	95	0	7.0410433	lm
17	Q0	439226	96	0	6.9991293	lm
17	Q0	391284	97	0	6.9991293	lm
17	Q0	1949	98	0	6.9991293	lm
17	Q0	699598	99	0	6.9991293	lm
17	Q0	703863	100	0	6.9991293	lm
18	Q0	1132617	1	0	15.387201	lm
18	Q0	3701722	2	0	15.387201	lm
18	Q0	3632645	3	0	15.246334	lm
18	Q0	767578	4	0	14.750975	lm
18	Q0	2806369	5	0	14.104525	lm
18	Q0	4183972	6	0	14.104525	lm
18	Q0	1987819	7	0	13.209619	lm
18	Q0	1843383	8	0	13.209619	lm
18	Q0	3175732	9	0	12.90232	lm
18	Q0	2662505	10	0	11.812654	lm
18	Q0	4731488	11	0	11.572093	lm
18	Q0	183052	12	0	11.218653	lm
18	Q0	4069255	13	0	11.179882	lm
18	Q0	494236	14	0	11.137308	lm
18	Q0	2254939	15	0	11.137308	lm
18	Q0	2656553	16	0	11.137308	lm
18	Q0	3040814	17	0	11.137308	lm
18	Q0	3707927	18	0	11.137308	lm
18	Q0	4558198	19	0	11.137308	lm
18	Q0	5348490	20	0	11.137308	lm
18	Q0	4752798	21	0	10.772412	lm
18	Q0	5338776	22	0	10.772412	lm
18	Q0	4249445	23	0	10.430667	lm
18	Q0	4360863	24	0	10.231596	lm
18	Q0	3192921	25	0	10.10994	lm
18	Q0	1309911	26	0	10.068857	lm
18	Q0	2807269	27	0	9.942505	lm
18	Q0	2814114	28	0	9.808347	lm
18	Q0	4140621	29	0	9.808347	lm
18	Q0	2466682	30	0	9.712938	lm
18	Q0	1747417	31	0	9.623071	lm
18	Q0	1604662	32	0	9.570366	lm
18	Q0	2762401	33	0	9.570366	lm
18	Q0	963728	34	0	9.524227	lm
18	Q0	2210777	35	0	9.524227	lm
18	Q0	347278	36	0	9.2561035	lm
18	Q0	540724	37	0	9.2561035	lm
18	Q0	887421	38	0	9.2561035	lm
18	Q0	2204471	39	0	9.2561035	lm
18	Q0	3283670	40	0	9.2561035	lm
18	Q0	3251907	41	0	9.2561035	lm
18	Q0	4106133	42	0	9.2561035	lm
18	Q0	3903211	43	0	9.2561035	lm
18	Q0	2303268	44	0	9.2417755	lm
18	Q0	1258777	45	0	9.002665	lm
18	Q0	1081230	46	0	9.002665	lm
18	Q0	4880138	47	0	9.002665	lm
18	Q0	959251	48	0	8.995471	lm
18	Q0	4693988	49	0	8.97795	lm
18	Q0	4280291	50	0	8.7627325	lm
18	Q0	2248817	51	0	8.761955	lm
18	Q0	2612454	52	0	8.761955	lm
18	Q0	4742767	53	0	8.761955	lm
18	Q0	4590874	54	0	8.761955	lm
18	Q0	4476687	55	0	8.761955	lm
18	Q0	4416341	56	0	8.761955	lm
18	Q0	4881862	57	0	8.761955	lm
18	Q0	5254031	58	0	8.761955	lm
18	Q0	1444628	59	0	8.71755	lm
18	Q0	3456472	60	0	8.71755	lm
18	Q0	4246226	61	0	8.716959	lm
18	Q0	4813168	62	0	8.650458	lm
18	Q0	192472	63	0	8.535259	lm
18	Q0	1032734	64	0	8.529247	lm
18	Q0	1995581	65	0	8.529247	lm
18	Q0	2174020	66	0	8.529247	lm
18	Q0	329358	67	0	8.518302	lm
18	Q0	1392435	68	0	8.319296	lm
18	Q0	3663663	69	0	8.289551	lm
18	Q0	724569	70	0	8.252799	lm
18	Q0	227671	71	0	8.183579	lm
18	Q0	772399	72	0	8.157082	lm
18	Q0	3205278	73	0	8.113991	lm
18	Q0	3758406	74	0	8.113991	lm
18	Q0	3739211	75	0	8.083622	lm
18	Q0	822178	76	0	7.960031	lm
18	Q0	3272316	77	0	7.960031	lm
18	Q0	2946067	78	0	7.960031	lm
18	Q0	3768813	79	0	7.960031	lm
18	Q0	3783611	80	0	7.960031	lm
18	Q0	2229494	81	0	7.9425707	lm
18	Q0	1217915	82	0	7.9267993	lm
18	Q0	4767211	83	0	7.9267993	lm
18	Q0	1930964	84	0	7.9185762	lm
18	Q0	3631541	85	0	7.9185762	lm
18	Q0	2221570	86	0	7.87502	lm
18	Q0	1185166	87	0	7.87502	lm
18	Q0	1335084	88	0	7.87502	lm
18	Q0	4571556	89	0	7.87502	lm
18	Q0	4348454	90	0	7.87502	lm
18	Q0	1154845	91	0	7.827176	lm
18	Q0	5220556	92	0	7.827176	lm
18	Q0	4902613	93	0	7.8249264	lm
18	Q0	1262728	94	0	7.6483707	lm
18	Q0	269998	95	0	7.6384563	lm
18	Q0	713713	96	0	7.6384563	lm
18	Q0	3272598	97	0	7.6384563	lm
18	Q0	256347	98	0	7.6267123	lm
18	Q0	1429	99	0	7.586502	lm
18	Q0	102592	100	0	7.586502	lm
19	Q0	73	1	0	13.690543	lm
19	Q0	2453333	2	0	13.690543	lm
19	Q0	1325215	3	0	13.690543	lm
19	Q0	3683153	4	0	13.690543	lm
19	Q0	5022471	5	0	13.690543	lm
19	Q0	1120997	6	0	13.004889	lm
19	Q0	1552492	7	0	13.004889	lm
19	Q0	2997868	8	0	13.004889	lm
19	Q0	3800282	9	0	13.004889	lm
19	Q0	3156830	10	0	13.004889	lm
19	Q0	763402	11	0	12.867252	lm
19	Q0	666947	12	0	12.867252	lm
19	Q0	2267442	13	0	12.867252	lm
19	Q0	1436951	14	0	12.867252	lm
19	Q0	3672209	15	0	12.867252	lm
19	Q0	483407	16	0	12.265264	lm
19	Q0	704555	17	0	12.250538	lm
19	Q0	2271826	18	0	11.388883	lm
19	Q0	4797354	19	0	11.388883	lm
19	Q0	1522664	20	0	11.266712	lm
19	Q0	4275233	21	0	11.266712	lm
19	Q0	1311162	22	0	11.200524	lm
19	Q0	1904077	23	0	11.181501	lm
19	Q0	4624266	24	0	11.115855	lm
19	Q0	1915649	25	0	10.764974	lm
19	Q0	5117325	26	0	10.696562	lm
19	Q0	706891	27	0	10.653995	lm
19	Q0	4427601	28	0	10.653995	lm
19	Q0	4534243	29	0	10.624415	lm
19	Q0	4139395	30	0	10.616261	lm
19	Q0	4254615	31	0	10.616261	lm
19	Q0	4408463	32	0	10.616261	lm
19	Q0	2067400	33	0	10.517049	lm
19	Q0	2997087	34	0	10.259155	lm
19	Q0	4113393	35	0	10.181335	lm
19	Q0	1206502	36	0	10.178097	lm
19	Q0	1357814	37	0	10.178097	lm
19	Q0	2919722	38	0	10.178097	lm
19	Q0	3561861	39	0	10.178097	lm
19	Q0	3543775	40	0	10.178097	lm
19	Q0	1740825	41	0	9.903188	lm
19	Q0	2183789	42	0	9.883145	lm
19	Q0	4049596	43	0	9.883145	lm
19	Q0	3021170	44	0	9.874471	lm
19	Q0	5109545	45	0	9.874471	lm
19	Q0	5170948	46	0	9.874471	lm
19	Q0	3465978	47	0	9.7934885	lm
19	Q0	341713	48	0	9.588435	lm
19	Q0	4182416	49	0	9.588435	lm
19	Q0	4834035	50	0	9.588435	lm
19	Q0	606004	51	0	9.495291	lm
19	Q0	824231	52	0	9.318504	lm
19	Q0	2414866	53	0	9.318504	lm
19	Q0	2143985	54	0	9.318504	lm
19	Q0	3480474	55	0	9.318504	lm
19	Q0	4692100	56	0	9.318504	lm
19	Q0	729806	57	0	9.307401	lm
19	Q0	2495968	58	0	9.307401	lm
19	Q0	2764019	59	0	9.307401	lm
19	Q0	3387453	60	0	9.307401	lm
19	Q0	4072821	61	0	9.307401	lm
19	Q0	250282	62	0	9.283058	lm
19	Q0	2120069	63	0	9.164642	lm
19	Q0	201424	64	0	9.021723	lm
19	Q0	5064021	65	0	8.893281	lm
19	Q0	3783572	66	0	8.849291	lm
19	Q0	5119572	67	0	8.849291	lm
19	Q0	4965553	68	0	8.840141	lm
19	Q0	4249176	69	0	8.821807	lm
19	Q0	2212672	70	0	8.737309	lm
19	Q0	5106118	71	0	8.710785	lm
19	Q0	2313994	72	0	8.695854	lm
19	Q0	3739035	73	0	8.695854	lm
19	Q0	1783095	74	0	8.689603	lm
19	Q0	5034907	75	0	8.672897	lm
19	Q0	400883	76	0	8.62087	lm
19	Q0	2504768	77	0	8.594207	lm
19	Q0	5193472	78	0	8.539988	lm
19	Q0	3433381	79	0	8.526334	lm
19	Q0	816578	80	0	8.522328	lm
19	Q0	3939504	81	0	8.522328	lm
19	Q0	356699	82	0	8.52119	lm
19	Q0	2829172	83	0	8.52119	lm
19	Q0	3283228	84	0	8.52119	lm
19	Q0	4742049	85	0	8.52119	lm
19	Q0	1340692	86	0	8.424116	lm
19	Q0	3184426	87	0	8.407764	lm
19	Q0	1800312	88	0	8.3753805	lm
19	Q0	2404176	89	0	8.302764	lm
19	Q0	2539438	90	0	8.296597	lm
19	Q0	208890	91	0	8.257089	lm
19	Q0	74406	92	0	8.238451	lm
19	Q0	3941098	93	0	8.168952	lm
19	Q0	168302	94	0	8.03713	lm
19	Q0	3947406	95	0	8.03713	lm
19	Q0	2977005	96	0	8.014803	lm
19	Q0	1272505	97	0	7.9862976	lm
19	Q0	1624269	98	0	7.97196	lm
19	Q0	3757839	99	0	7.97196	lm
19	Q0	3526855	100	0	7.97196	lm
20	Q0	1552758	1	0	21.473047	lm
20	Q0	1834884	2	0	16.5717	lm
20	Q0	3063014	3	0	16.5717	lm
20	Q0	1840701	4	0	14.997234	lm
20	Q0	4076723	5	0	14.997234	lm
20	Q0	2324187	6	0	14.72261	lm
20	Q0	3819236	7	0	14.505874	lm
20	Q0	5162672	8	0	14.505874	lm
20	Q0	4846437	9	0	14.505874	lm
20	Q0	330390	10	0	14.045688	lm
20	Q0	1106964	11	0	14.045688	lm
20	Q0	2976649	12	0	14.045688	lm
20	Q0	4651311	13	0	14.045688	lm
20	Q0	75	14	0	13.724953	lm
20	Q0	996132	15	0	13.724953	lm
20	Q0	4450602	16	0	13.724953	lm
20	Q0	611101	17	0	12.458884	lm
20	Q0	843870	18	0	12.458884	lm
20	Q0	1370463	19	0	12.458884	lm
20	Q0	2539369	20	0	12.458884	lm
20	Q0	3192826	21	0	12.458884	lm
20	Q0	5113112	22	0	12.458884	lm
20	Q0	5014421	23	0	12.458884	lm
20	Q0	4850843	24	0	12.458884	lm
20	Q0	2719154	25	0	12.332114	lm
20	Q0	606542	26	0	11.249241	lm
20	Q0	4749213	27	0	10.557444	lm
20	Q0	1002489	28	0	10.168108	lm
20	Q0	5368888	29	0	10.168108	lm
20	Q0	3905813	30	0	9.910027	lm
20	Q0	3327212	31	0	9.8554535	lm
20	Q0	4350682	32	0	9.8554535	lm
20	Q0	1460859	33	0	9.560043	lm
20	Q0	2769672	34	0	9.284485	lm
20	Q0	2253486	35	0	9.083662	lm
20	Q0	675003	36	0	8.723866	lm
20	Q0	4273901	37	0	8.28266	lm
20	Q0	2034763	38	0	8.084686	lm
20	Q0	1237243	39	0	8.082323	lm
20	Q0	4153307	40	0	8.082323	lm
20	Q0	5017596	41	0	8.082323	lm
20	Q0	2262491	42	0	8.055708	lm
20	Q0	3880666	43	0	7.989418	lm
20	Q0	10551	44	0	7.9414334	lm
20	Q0	1389607	45	0	7.9414334	lm
20	Q0	1614980	46	0	7.9414334	lm
20	Q0	2887746	47	0	7.9414334	lm
20	Q0	4194772	48	0	7.9414334	lm
20	Q0	4315989	49	0	7.9414334	lm
20	Q0	3125632	50	0	7.9110374	lm
20	Q0	3178665	51	0	7.9110374	lm
20	Q0	3021178	52	0	7.909747	lm
20	Q0	3251217	53	0	7.909747	lm
20	Q0	432776	54	0	7.8483057	lm
20	Q0	5485	55	0	7.828926	lm
20	Q0	1958362	56	0	7.828926	lm
20	Q0	4084062	57	0	7.828926	lm
20	Q0	1990539	58	0	7.8177357	lm
20	Q0	2439217	59	0	7.817519	lm
20	Q0	210409	60	0	7.7759304	lm
20	Q0	834404	61	0	7.7759304	lm
20	Q0	3399752	62	0	7.7759304	lm
20	Q0	3991212	63	0	7.7759304	lm
20	Q0	508107	64	0	7.663	lm
20	Q0	2717047	65	0	7.663	lm
20	Q0	5404617	66	0	7.663	lm
20	Q0	4544098	67	0	7.6521425	lm
20	Q0	4063020	68	0	7.6312847	lm
20	Q0	3325418	69	0	7.6064043	lm
20	Q0	922692	70	0	7.582242	lm
20	Q0	4266987	71	0	7.582242	lm
20	Q0	2451294	72	0	7.569515	lm
20	Q0	3392584	73	0	7.5591145	lm
20	Q0	4271782	74	0	7.5591145	lm
20	Q0	5281176	75	0	7.5591145	lm
20	Q0	1535702	76	0	7.5104322	lm
20	Q0	284019	77	0	7.5033	lm
20	Q0	1228694	78	0	7.439045	lm
20	Q0	1594515	79	0	7.439045	lm
20	Q0	1830735	80	0	7.439045	lm
20	Q0	3082283	81	0	7.439045	lm
20	Q0	3101978	82	0	7.439045	lm
20	Q0	3871416	83	0	7.439045	lm
20	Q0	3990180	84	0	7.439045	lm
20	Q0	20392	85	0	7.41152	lm
20	Q0	174975	86	0	7.41152	lm
20	Q0	901437	87	0	7.41152	lm
20	Q0	1456147	88	0	7.41152	lm
20	Q0	1533470	89	0	7.41152	lm
20	Q0	2765875	90	0	7.41152	lm
20	Q0	3836298	91	0	7.41152	lm
20	Q0	3573362	92	0	7.41152	lm
20	Q0	4057923	93	0	7.41152	lm
20	Q0	3994819	94	0	7.41152	lm
20	Q0	5199372	95	0	7.41152	lm
20	Q0	4840854	96	0	7.41152	lm
20	Q0	2656425	97	0	7.4077625	lm
20	Q0	1516815	98	0	7.3541126	lm
20	Q0	1402358	99	0	7.3367634	lm
20	Q0	2398705	100	0	7.3340316	lm
21	Q0	4061771	1	0	10.602856	lm
21	Q0	1795852	2	0	10.449873	lm
21	Q0	3583686	3	0	10.243704	lm
21	Q0	903016	4	0	9.59376	lm
21	Q0	401457	5	0	9.565868	lm
21	Q0	813808	6	0	9.565868	lm
21	Q0	2618451	7	0	9.278618	lm
21	Q0	4257720	8	0	9.278618	lm
21	Q0	3080774	9	0	9.164598	lm
21	Q0	1497943	10	0	9.021372	lm
21	Q0	1281524	11	0	9.021372	lm
21	Q0	3346809	12	0	9.021372	lm
21	Q0	2427229	13	0	8.891207	lm
21	Q0	600010	14	0	8.738634	lm
21	Q0	5402106	15	0	8.738634	lm
21	Q0	223074	16	0	8.633654	lm
21	Q0	398685	17	0	8.633654	lm
21	Q0	2467331	18	0	8.633654	lm
21	Q0	2087676	19	0	8.633654	lm
21	Q0	2616013	20	0	8.632683	lm
21	Q0	4204805	21	0	8.632683	lm
21	Q0	293044	22	0	8.513437	lm
21	Q0	1170592	23	0	8.494991	lm
21	Q0	1861761	24	0	8.280333	lm
21	Q0	3199471	25	0	8.280333	lm
21	Q0	5209167	26	0	8.280333	lm
21	Q0	949687	27	0	8.225687	lm
21	Q0	3504218	28	0	8.225687	lm
21	Q0	1433380	29	0	8.16086	lm
21	Q0	2968377	30	0	8.16086	lm
21	Q0	1963118	31	0	8.059652	lm
21	Q0	3228152	32	0	8.059652	lm
21	Q0	665750	33	0	8.005421	lm
21	Q0	2432149	34	0	7.9555445	lm
21	Q0	5401203	35	0	7.9555445	lm
21	Q0	2483146	36	0	7.94958	lm
21	Q0	2619412	37	0	7.94958	lm
21	Q0	5360760	38	0	7.8504295	lm
21	Q0	242921	39	0	7.6531415	lm
21	Q0	807524	40	0	7.6531415	lm
21	Q0	2314822	41	0	7.6531415	lm
21	Q0	1269108	42	0	7.6531415	lm
21	Q0	1870197	43	0	7.6517944	lm
21	Q0	4344781	44	0	7.6517944	lm
21	Q0	5204938	45	0	7.6517944	lm
21	Q0	27056	46	0	7.5913725	lm
21	Q0	671539	47	0	7.5913725	lm
21	Q0	691692	48	0	7.5913725	lm
21	Q0	1756392	49	0	7.5913725	lm
21	Q0	4348574	50	0	7.5913725	lm
21	Q0	884755	51	0	7.541391	lm
21	Q0	957201	52	0	7.541391	lm
21	Q0	3353623	53	0	7.541391	lm
21	Q0	4312107	54	0	7.541391	lm
21	Q0	4520609	55	0	7.4989004	lm
21	Q0	359874	56	0	7.4974914	lm
21	Q0	1537981	57	0	7.4974914	lm
21	Q0	4871621	58	0	7.462963	lm
21	Q0	710075	59	0	7.453549	lm
21	Q0	1019543	60	0	7.338396	lm
21	Q0	3780775	61	0	7.338396	lm
21	Q0	312343	62	0	7.315542	lm
21	Q0	391417	63	0	7.315542	lm
21	Q0	77838	64	0	7.315542	lm
21	Q0	796233	65	0	7.315542	lm
21	Q0	892365	66	0	7.315542	lm
21	Q0	2467840	67	0	7.315542	lm
21	Q0	716120	68	0	7.315542	lm
21	Q0	757633	69	0	7.315542	lm
21	Q0	2311389	70	0	7.315542	lm
21	Q0	2380006	71	0	7.315542	lm
21	Q0	2395832	72	0	7.315542	lm
21	Q0	2026329	73	0	7.315542	lm
21	Q0	1402894	74	0	7.315542	lm
21	Q0	1148928	75	0	7.315542	lm
21	Q0	1586725	76	0	7.315542	lm
21	Q0	1928840	77	0	7.315542	lm
21	Q0	1820407	78	0	7.315542	lm
21	Q0	2819907	79	0	7.315542	lm
21	Q0	2708329	80	0	7.315542	lm
21	Q0	2594014	81	0	7.315542	lm
21	Q0	2336758	82	0	7.315542	lm
21	Q0	3063128	83	0	7.315542	lm
21	Q0	3184416	84	0	7.315542	lm
21	Q0	3698888	85	0	7.315542	lm
21	Q0	3559626	86	0	7.315542	lm
21	Q0	3174965	87	0	7.315542	lm
21	Q0	3712215	88	0	7.315542	lm
21	Q0	4076418	89	0	7.315542	lm
21	Q0	4114812	90	0	7.315542	lm
21	Q0	4483586	91	0	7.315542	lm
21	Q0	4672637	92	0	7.315542	lm
21	Q0	4642420	93	0	7.315542	lm
21	Q0	4407560	94	0	7.315542	lm
21	Q0	4446215	95	0	7.315542	lm
21	Q0	4524253	96	0	7.315542	lm
21	Q0	4524500	97	0	7.315542	lm
21	Q0	5124886	98	0	7.315542	lm
21	Q0	5136819	99	0	7.315542	lm
21	Q0	5241709	100	0	7.315542	lm
22	Q0	4304941	1	0	12.904116	lm
22	Q0	3258642	2	0	12.485166	lm
22	Q0	1020651	3	0	11.860579	lm
22	Q0	606339	4	0	11.5067625	lm
22	Q0	2379597	5	0	10.97592	lm
22	Q0	3951473	6	0	10.97592	lm
22	Q0	345525	7	0	10.954439	lm
22	Q0	3950660	8	0	10.954439	lm
22	Q0	2751452	9	0	10.899792	lm
22	Q0	2325452	10	0	10.280089	lm
22	Q0	1906495	11	0	10.013226	lm
22	Q0	3016121	12	0	9.860694	lm
22	Q0	401075	13	0	9.664752	lm
22	Q0	3346307	14	0	9.664752	lm
22	Q0	4779695	15	0	9.664752	lm
22	Q0	803705	16	0	9.208757	lm
22	Q0	2133615	17	0	9.208757	lm
22	Q0	1140065	18	0	9.208757	lm
22	Q0	3669124	19	0	9.208757	lm
22	Q0	5055016	20	0	9.208757	lm
22	Q0	4508873	21	0	9.037116	lm
22	Q0	5051175	22	0	8.981692	lm
22	Q0	41699	23	0	8.708573	lm
22	Q0	2709200	24	0	8.708573	lm
22	Q0	1407618	25	0	8.697823	lm
22	Q0	4973579	26	0	8.50618	lm
22	Q0	558608	27	0	8.459131	lm
22	Q0	3535689	28	0	8.45243	lm
22	Q0	632223	29	0	8.42325	lm
22	Q0	3701540	30	0	8.39315	lm
22	Q0	383142	31	0	8.388336	lm
22	Q0	1164475	32	0	8.388336	lm
22	Q0	2577017	33	0	8.388336	lm
22	Q0	3421885	34	0	8.317099	lm
22	Q0	1507450	35	0	8.228765	lm
22	Q0	2079622	36	0	8.226766	lm
22	Q0	1091534	37	0	8.226766	lm
22	Q0	4473130	38	0	8.226766	lm
22	Q0	4129909	39	0	8.204332	lm
22	Q0	4485262	40	0	8.190772	lm
22	Q0	5019425	41	0	8.190772	lm
22	Q0	5153073	42	0	8.190772	lm
22	Q0	309211	43	0	8.156031	lm
22	Q0	1309712	44	0	8.156031	lm
22	Q0	4085643	45	0	8.156031	lm
22	Q0	5029357	46	0	8.156031	lm
22	Q0	1020077	47	0	8.126884	lm
22	Q0	3819611	48	0	8.126884	lm
22	Q0	1234415	49	0	8.096779	lm
22	Q0	3853837	50	0	8.078603	lm
22	Q0	815583	51	0	8.046999	lm
22	Q0	2005518	52	0	8.046999	lm
22	Q0	3190802	53	0	8.046999	lm
22	Q0	4687868	54	0	8.046999	lm
22	Q0	1667066	55	0	8.039221	lm
22	Q0	1641158	56	0	7.9957833	lm
22	Q0	5020385	57	0	7.938918	lm
22	Q0	2023727	58	0	7.905245	lm
22	Q0	3972259	59	0	7.905245	lm
22	Q0	3127536	60	0	7.8697257	lm
22	Q0	2506177	61	0	7.8685794	lm
22	Q0	338372	62	0	7.858221	lm
22	Q0	25992	63	0	7.848834	lm
22	Q0	4180063	64	0	7.848834	lm
22	Q0	4428930	65	0	7.761279	lm
22	Q0	5292692	66	0	7.761279	lm
22	Q0	1281777	67	0	7.7499247	lm
22	Q0	4736435	68	0	7.7499247	lm
22	Q0	169048	69	0	7.70209	lm
22	Q0	773723	70	0	7.70209	lm
22	Q0	964917	71	0	7.70209	lm
22	Q0	3083763	72	0	7.70209	lm
22	Q0	3381675	73	0	7.70209	lm
22	Q0	4861740	74	0	7.6817846	lm
22	Q0	638826	75	0	7.6420145	lm
22	Q0	1664059	76	0	7.6420145	lm
22	Q0	2235681	77	0	7.641851	lm
22	Q0	2013877	78	0	7.641851	lm
22	Q0	3688236	79	0	7.641851	lm
22	Q0	2573975	80	0	7.479667	lm
22	Q0	785471	81	0	7.4789824	lm
22	Q0	1804354	82	0	7.4789824	lm
22	Q0	3371099	83	0	7.4789824	lm
22	Q0	3629976	84	0	7.4789824	lm
22	Q0	3403154	85	0	7.4789824	lm
22	Q0	5099611	86	0	7.4789824	lm
22	Q0	4162987	87	0	7.478441	lm
22	Q0	4264373	88	0	7.478441	lm
22	Q0	5227782	89	0	7.478441	lm
22	Q0	1271749	90	0	7.420647	lm
22	Q0	1565078	91	0	7.419855	lm
22	Q0	5300280	92	0	7.419855	lm
22	Q0	30939	93	0	7.4026637	lm
22	Q0	3992742	94	0	7.336313	lm
22	Q0	693088	95	0	7.312305	lm
22	Q0	5290039	96	0	7.273986	lm
22	Q0	410490	97	0	7.2684364	lm
22	Q0	1911023	98	0	7.2684364	lm
22	Q0	3490423	99	0	7.2684364	lm
22	Q0	4058381	100	0	7.2684364	lm
23	Q0	532944	1	0	15.335596	lm
23	Q0	1947765	2	0	15.335596	lm
23	Q0	328628	3	0	13.675388	lm
23	Q0	2320988	4	0	13.675388	lm
23	Q0	2686818	5	0	13.675388	lm
23	Q0	3145434	6	0	13.675388	lm
23	Q0	4712545	7	0	13.675388	lm
23	Q0	3392677	8	0	12.45213	lm
23	Q0	2848885	9	0	11.946998	lm
23	Q0	90	10	0	10.664701	lm
23	Q0	4364388	11	0	10.664701	lm
23	Q0	542382	12	0	10.171612	lm
23	Q0	3992962	13	0	9.877121	lm
23	Q0	324439	14	0	9.33609	lm
23	Q0	4477627	15	0	9.08678	lm
23	Q0	2813355	16	0	8.895123	lm
23	Q0	3109220	17	0	8.634494	lm
23	Q0	3298243	18	0	8.604625	lm
23	Q0	671581	19	0	8.577345	lm
23	Q0	1858088	20	0	8.577345	lm
23	Q0	3672614	21	0	8.577345	lm
23	Q0	5006100	22	0	8.57093	lm
23	Q0	551930	23	0	8.553111	lm
23	Q0	1371143	24	0	8.553111	lm
23	Q0	3210751	25	0	8.553111	lm
23	Q0	228454	26	0	8.468777	lm
23	Q0	1438080	27	0	8.175812	lm
23	Q0	1564494	28	0	8.175812	lm
23	Q0	1069210	29	0	8.123007	lm
23	Q0	3044677	30	0	8.123007	lm
23	Q0	3075667	31	0	8.123007	lm
23	Q0	4719670	32	0	8.123007	lm
23	Q0	4892952	33	0	8.123007	lm
23	Q0	4956702	34	0	8.094625	lm
23	Q0	228718	35	0	8.060691	lm
23	Q0	2084600	36	0	8.060691	lm
23	Q0	2010031	37	0	8.060691	lm
23	Q0	1140975	38	0	8.060691	lm
23	Q0	5282414	39	0	8.060691	lm
23	Q0	2489104	40	0	8.036365	lm
23	Q0	1294004	41	0	7.985072	lm
23	Q0	5116030	42	0	7.9488177	lm
23	Q0	2500665	43	0	7.9452143	lm
23	Q0	4255869	44	0	7.9452143	lm
23	Q0	1177411	45	0	7.753768	lm
23	Q0	1159690	46	0	7.728789	lm
23	Q0	2727439	47	0	7.728789	lm
23	Q0	2666919	48	0	7.728789	lm
23	Q0	3087164	49	0	7.585461	lm
23	Q0	569449	50	0	7.567996	lm
23	Q0	2048225	51	0	7.567996	lm
23	Q0	1249965	52	0	7.567996	lm
23	Q0	1371213	53	0	7.567996	lm
23	Q0	3082406	54	0	7.567996	lm
23	Q0	164321	55	0	7.5534086	lm
23	Q0	3756614	56	0	7.5534086	lm
23	Q0	111507	57	0	7.5017824	lm
23	Q0	3644095	58	0	7.4886894	lm
23	Q0	4365342	59	0	7.4886894	lm
23	Q0	5115904	60	0	7.3722095	lm
23	Q0	1367576	61	0	7.3672647	lm
23	Q0	1487718	62	0	7.318875	lm
23	Q0	1993507	63	0	7.318875	lm
23	Q0	2876513	64	0	7.318875	lm
23	Q0	4588370	65	0	7.318875	lm
23	Q0	4944270	66	0	7.318875	lm
23	Q0	313653	67	0	7.2975507	lm
23	Q0	380637	68	0	7.2975507	lm
23	Q0	2652618	69	0	7.2975507	lm
23	Q0	5318693	70	0	7.2975507	lm
23	Q0	2364336	71	0	7.2648554	lm
23	Q0	3000467	72	0	7.2538185	lm
23	Q0	3087629	73	0	7.2538185	lm
23	Q0	1410008	74	0	7.249112	lm
23	Q0	638952	75	0	7.2257776	lm
23	Q0	1062235	76	0	7.1824617	lm
23	Q0	4050352	77	0	7.1824617	lm
23	Q0	525533	78	0	7.0877194	lm
23	Q0	511031	79	0	7.058458	lm
23	Q0	551178	80	0	7.011607	lm
23	Q0	939364	81	0	7.011607	lm
23	Q0	1138582	82	0	7.011607	lm
23	Q0	1515218	83	0	7.011607	lm
23	Q0	2972176	84	0	7.011607	lm
23	Q0	4690475	85	0	7.011607	lm
23	Q0	4449301	86	0	7.011607	lm
23	Q0	5037349	87	0	7.011607	lm
23	Q0	5288477	88	0	7.011607	lm
23	Q0	218673	89	0	6.9902525	lm
23	Q0	3707658	90	0	6.9902525	lm
23	Q0	3706159	91	0	6.9841	lm
23	Q0	4051117	92	0	6.9841	lm
23	Q0	1796216	93	0	6.936223	lm
23	Q0	839315	94	0	6.8932133	lm
23	Q0	5185950	95	0	6.8932133	lm
23	Q0	5329043	96	0	6.8932133	lm
23	Q0	2641901	97	0	6.8821225	lm
23	Q0	4499439	98	0	6.8726025	lm
23	Q0	5264321	99	0	6.8726025	lm
23	Q0	4079788	100	0	6.8345346	lm
24	Q0	3037643	1	0	10.752103	lm
24	Q0	4815416	2	0	10.752103	lm
24	Q0	2738781	3	0	10.501307	lm
24	Q0	4175223	4	0	10.461204	lm
24	Q0	4525996	5	0	9.3783	lm
24	Q0	153231	6	0	9.110642	lm
24	Q0	1520369	7	0	9.110642	lm
24	Q0	1797823	8	0	9.110642	lm
24	Q0	4913411	9	0	9.110642	lm
24	Q0	112052	10	0	9.063633	lm
24	Q0	976905	11	0	9.063633	lm
24	Q0	2752611	12	0	9.063633	lm
24	Q0	2355477	13	0	9.063633	lm
24	Q0	5052846	14	0	9.063633	lm
24	Q0	4994762	15	0	8.9749565	lm
24	Q0	878894	16	0	8.847194	lm
24	Q0	2672795	17	0	8.847194	lm
24	Q0	1845421	18	0	8.785664	lm
24	Q0	942990	19	0	8.747869	lm
24	Q0	2045367	20	0	8.747869	lm
24	Q0	2700204	21	0	8.747869	lm
24	Q0	3205852	22	0	8.625201	lm
24	Q0	1476067	23	0	8.567079	lm
24	Q0	5278757	24	0	8.567079	lm
24	Q0	3075554	25	0	8.540015	lm
24	Q0	428206	26	0	8.345253	lm
24	Q0	544791	27	0	8.318914	lm
24	Q0	1050114	28	0	8.318914	lm
24	Q0	495520	29	0	8.277352	lm
24	Q0	5165502	30	0	8.277352	lm
24	Q0	2690106	31	0	8.263275	lm
24	Q0	3468549	32	0	8.215797	lm
24	Q0	393533	33	0	8.175806	lm
24	Q0	673856	34	0	8.175806	lm
24	Q0	2553206	35	0	8.175806	lm
24	Q0	380832	36	0	8.12808	lm
24	Q0	69427	37	0	8.12808	lm
24	Q0	2042192	38	0	8.12808	lm
24	Q0	1130038	39	0	8.12808	lm
24	Q0	3551909	40	0	8.12808	lm
24	Q0	937002	41	0	8.084723	lm
24	Q0	1249101	42	0	8.084723	lm
24	Q0	4472310	43	0	8.084723	lm
24	Q0	1445359	44	0	7.9472847	lm
24	Q0	4277708	45	0	7.9472847	lm
24	Q0	5061631	46	0	7.755107	lm
24	Q0	976011	47	0	7.754348	lm
24	Q0	3681598	48	0	7.754348	lm
24	Q0	2514174	49	0	7.7349634	lm
24	Q0	3130722	50	0	7.7349634	lm
24	Q0	2252911	51	0	7.7116365	lm
24	Q0	1311578	52	0	7.6275306	lm
24	Q0	4057715	53	0	7.6275306	lm
24	Q0	3947430	54	0	7.6275306	lm
24	Q0	462083	55	0	7.622605	lm
24	Q0	5044664	56	0	7.617394	lm
24	Q0	3611311	57	0	7.616973	lm
24	Q0	4131373	58	0	7.61199	lm
24	Q0	2009366	59	0	7.594136	lm
24	Q0	2129295	60	0	7.5868034	lm
24	Q0	4129861	61	0	7.5868034	lm
24	Q0	1903550	62	0	7.5581813	lm
24	Q0	233888	63	0	7.5285587	lm
24	Q0	115490	64	0	7.5285587	lm
24	Q0	3124077	65	0	7.5285587	lm
24	Q0	2432738	66	0	7.5132437	lm
24	Q0	3407267	67	0	7.5132437	lm
24	Q0	3139135	68	0	7.485702	lm
24	Q0	2443325	69	0	7.4815884	lm
24	Q0	5244817	70	0	7.454803	lm
24	Q0	4821999	71	0	7.3849144	lm
24	Q0	1736650	72	0	7.3782997	lm
24	Q0	5104630	73	0	7.3617287	lm
24	Q0	3771284	74	0	7.2822227	lm
24	Q0	2231004	75	0	7.2648683	lm
24	Q0	4750841	76	0	7.20063	lm
24	Q0	3434500	77	0	7.1714253	lm
24	Q0	4273058	78	0	7.1709948	lm
24	Q0	4195309	79	0	7.1709948	lm
24	Q0	1838083	80	0	7.168317	lm
24	Q0	4142071	81	0	7.127501	lm
24	Q0	53641	82	0	7.1262846	lm
24	Q0	4420867	83	0	7.064985	lm
24	Q0	575187	84	0	7.059354	lm
24	Q0	133782	85	0	7.0124307	lm
24	Q0	3785011	86	0	6.964512	lm
24	Q0	1027578	87	0	6.950843	lm
24	Q0	1695890	88	0	6.950843	lm
24	Q0	2513808	89	0	6.937684	lm
24	Q0	4644425	90	0	6.916463	lm
24	Q0	5306473	91	0	6.916463	lm
24	Q0	1158305	92	0	6.8969164	lm
24	Q0	58768	93	0	6.8737307	lm
24	Q0	2931891	94	0	6.871794	lm
24	Q0	4211455	95	0	6.871794	lm
24	Q0	4011110	96	0	6.871794	lm
24	Q0	751283	97	0	6.8670316	lm
24	Q0	3844317	98	0	6.8613634	lm
24	Q0	686920	99	0	6.860332	lm
24	Q0	3287352	100	0	6.860332	lm
